Nuclide Energy (keV) EmissionProbability(%) Efficiency (Eff)
60Co 1173.2 99.85 0.08 1.0
60Co 1332.5 99.98 0.07 2.0
137Cs 661.7 85.1 0.15 3.0
22Na 511.0 180.5 0.17 4.0
22Na 1274.5 99.94 0.06 5.0
152Eu 121.8 28.58 0.85 6.0
152Eu 244.7 7.6 0.42 7.0
152Eu 344.3 26.58 0.32 8.0
152Eu 778.9 12.94 0.11 9.0
152Eu 1408.0 20.85 0.05 1.0
133Ba 81.0 34.06 1.12 2.0
133Ba 356.0 62.05 0.3 3.0
226Ra 186.2 3.59 0.53 4.0
214Pb 351.9 35.6 0.29 5.0
214Bi 609.3 46.1 0.14 6.0
214Bi 1120.3 15.1 0.08 7.0
214Bi 1764.5 15.4 0.04 8.0
40K 1460.8 10.67 0.05 9.0
235U 185.7 57.2 0.52 1.0
241Am 59.5 35.9 1.2 2.0
134Cs 605.0 97.6 0.15 3.0
134Cs 795.8 85.4 0.1 4.0
54Mn 834.8 99.98 0.09 5.0
65Zn 1115.5 50.0 0.08 6.0
88Y 898.0 93.7 0.1 7.0
88Y 1836.0 99.3 0.03 8.0
