0
1
12
23
33
43
52
62
71
80
88
97
105
113
121
128
135
143
150
1981
163
169
176
182
188
193
199
205
210
215
220
225
230
235
239
244
248
253
257
261
265
269
273
276
280
284
287
291
294
297
301
307
313
319
325
332
338
344
350
357
363
369
375
381
388
394
400
406
413
419
425
431
438
444
450
457
463
469
476
482
488
495
501
508
514
521
527
534
540
547
554
560
567
574
581
588
594
601
609
616
623
630
637
639
641
643
646
648
650
652
655
657
659
662
665
668
671
673
676
679
682
685
688
691
694
697
700
703
706
710
713
716
719
722
725
729
732
735
738
741
744
748
751
754
757
760
764
767
770
773
776
780
783
786
789
792
795
799
802
805
808
811
815
818
821
824
827
830
834
837
840
843
846
849
852
855
858
862
865
868
871
874
877
880
883
885
888
891
894
897
900
902
905
908
910
913
915
918
920
922
924
926
929
930
932
934
935
937
938
939
940
941
943
943
944
945
945
945
946
946
946
946
947
947
947
947
947
947
947
947
947
947
947
947
947
947
947
947
947
947
947
947
947
947
947
947
946
946
946
946
946
946
945
945
945
945
945
944
944
944
944
943
943
943
942
942
942
941
941
941
940
940
940
939
939
938
938
937
937
936
935
935
934
934
933
932
932
931
930
930
929
928
927
926
925
925
924
923
922
921
920
919
918
918
917
916
915
914
913
912
911
910
909
908
907
906
905
904
903
902
900
899
898
897
896
895
894
893
891
890
889
888
887
886
884
883
882
881
879
878
877
875
874
873
871
870
869
867
866
865
863
862
860
859
858
857
855
854
853
851
850
849
847
846
845
843
842
841
839
838
837
835
834
833
831
830
829
828
826
825
824
822
821
820
819
817
816
815
813
812
811
810
808
807
806
805
804
802
801
800
799
797
796
795
793
792
791
790
788
787
786
784
783
782
781
779
778
777
776
774
773
772
771
769
768
767
765
764
763
761
760
759
757
756
754
753
752
750
749
747
746
745
743
742
740
739
738
736
735
734
732
731
730
728
727
725
724
723
721
720
718
717
716
714
713
711
710
708
707
705
704
702
701
700
698
697
696
694
693
692
690
689
688
686
685
684
682
681
680
678
677
676
675
674
672
671
670
669
668
666
665
664
663
662
661
660
658
657
656
655
654
653
651
650
649
648
647
645
644
643
642
641
639
638
637
635
634
633
632
630
629
628
626
625
624
622
621
620
619
617
616
615
614
613
611
610
609
608
607
605
604
603
602
601
600
598
597
596
595
594
593
591
590
589
588
587
586
585
584
583
581
580
579
578
577
576
575
574
572
571
570
569
568
567
565
564
563
562
561
560
558
557
556
555
554
552
551
550
549
548
546
545
544
543
541
540
539
538
537
535
534
533
532
531
529
528
527
526
525
523
522
521
520
519
518
517
515
514
513
512
511
510
509
508
507
507
506
505
504
503
502
501
500
499
498
497
496
496
495
494
493
492
491
490
489
488
487
487
486
485
484
483
482
481
480
479
478
478
477
476
475
474
473
472
471
470
469
468
467
466
465
464
463
463
462
461
460
459
458
457
457
456
455
454
453
452
451
451
450
449
448
447
446
446
445
444
443
442
442
441
440
439
438
438
437
436
435
435
434
433
433
432
431
431
430
429
429
428
428
427
426
426
425
425
424
423
423
422
422
421
420
420
419
419
418
417
417
416
416
415
414
414
413
413
412
411
411
410
410
409
408
408
407
407
406
405
405
404
404
403
403
402
401
401
400
400
399
399
399
398
398
397
397
396
396
395
395
395
394
394
393
393
392
392
391
391
390
390
389
389
388
388
387
387
386
386
385
385
384
384
383
383
382
381
381
380
380
379
379
378
378
377
376
376
375
375
374
373
373
372
372
371
370
370
369
368
368
367
366
366
365
364
364
363
362
362
361
361
360
359
359
358
357
356
356
355
354
354
353
352
352
351
351
350
349
349
348
348
347
346
346
345
344
344
343
343
342
341
341
340
340
339
338
338
337
337
336
335
335
334
334
333
333
332
331
331
330
330
329
329
328
328
327
327
326
325
325
324
324
323
323
322
322
321
321
321
320
320
319
319
318
318
318
317
317
316
316
315
315
315
314
314
313
313
313
312
312
311
311
311
310
310
310
309
309
309
308
308
307
307
307
306
306
306
305
305
304
304
304
303
303
303
302
302
301
301
301
300
300
300
299
299
299
298
298
298
297
297
297
296
296
295
295
295
294
294
294
293
293
293
292
292
291
291
291
290
290
290
289
289
289
288
288
288
287
287
287
286
286
286
285
285
285
284
284
283
283
283
282
282
282
281
281
280
280
280
279
279
279
278
278
278
277
277
277
276
276
276
275
275
275
274
274
274
273
273
273
272
272
272
271
271
271
270
270
270
270
269
269
269
268
268
268
268
267
267
267
267
266
266
266
266
265
265
265
264
264
264
264
263
263
263
263
262
262
262
262
261
261
261
261
260
260
260
260
259
259
259
258
258
258
258
257
257
257
256
256
256
256
255
255
255
254
254
254
254
253
253
253
253
252
252
252
252
251
251
251
250
250
250
249
249
249
249
248
248
248
247
247
247
246
246
246
245
245
245
244
244
244
244
243
243
243
242
242
242
242
241
241
241
240
240
240
239
239
239
238
238
238
238
237
237
237
236
236
236
235
235
235
234
234
234
233
233
233
232
232
232
231
231
231
230
230
230
229
229
229
228
228
228
227
227
227
227
226
226
226
225
225
225
225
224
224
224
224
223
223
223
223
222
222
222
222
221
221
221
221
221
220
220
220
220
219
219
219
219
219
218
218
218
218
217
217
217
217
217
216
216
216
216
215
215
215
215
215
214
214
214
214
213
213
213
213
213
212
212
212
212
211
211
211
211
210
210
210
210
209
209
209
209
209
208
208
208
208
208
207
207
207
207
206
206
206
206
206
205
205
205
205
204
204
204
204
203
203
203
202
202
202
201
201
201
200
200
200
200
199
199
199
198
198
198
197
197
197
196
196
196
195
195
195
194
194
194
193
193
193
193
192
192
192
192
191
191
191
190
190
190
190
189
189
189
189
188
188
188
188
187
187
187
187
186
186
186
186
185
185
185
185
184
184
184
184
183
183
183
183
182
182
182
182
181
181
181
181
181
180
180
180
180
180
179
179
179
179
179
178
178
178
178
178
178
177
177
177
177
177
177
177
176
176
176
176
176
176
176
176
176
175
175
175
175
175
175
175
175
175
175
175
175
175
174
174
174
174
174
174
174
174
174
174
174
174
174
174
173
173
173
173
173
173
173
173
173
173
173
173
173
173
173
173
173
173
173
172
172
172
172
172
172
172
172
172
172
172
172
172
172
172
172
172
172
171
171
171
171
171
171
171
171
171
171
170
170
170
170
170
170
170
170
170
170
169
169
169
169
169
169
169
169
168
168
168
168
168
168
168
168
167
167
167
167
167
167
166
166
166
166
166
166
165
165
165
165
165
165
164
164
164
164
164
164
163
163
163
163
163
163
162
162
162
162
162
161
161
161
161
161
160
160
160
160
160
159
159
159
159
159
158
158
158
158
158
157
157
157
157
157
157
156
156
156
156
156
155
155
155
155
155
155
155
155
154
154
154
154
154
154
154
154
153
153
153
153
153
153
153
153
152
152
152
152
152
152
152
152
152
151
151
151
151
151
151
151
151
151
151
150
150
150
150
150
150
150
150
149
149
149
149
149
149
149
149
148
148
148
148
148
148
148
147
147
147
147
147
147
146
146
146
146
146
146
145
145
145
145
145
144
144
144
144
144
144
143
143
143
143
143
143
142
142
142
142
142
141
141
141
141
141
141
140
140
140
140
140
139
139
139
139
139
139
138
138
138
138
138
137
137
137
137
137
137
136
136
136
136
136
136
135
135
135
135
135
135
134
134
134
134
134
134
134
133
133
133
133
133
133
133
132
132
132
132
132
132
132
132
131
131
131
131
131
131
131
131
131
131
131
131
131
131
130
130
130
130
130
130
130
130
130
130
130
130
130
130
130
130
129
129
129
129
129
129
129
129
129
129
129
129
129
129
128
128
128
128
128
128
128
128
128
128
128
128
128
128
128
127
127
127
127
127
127
127
127
127
127
127
127
127
126
126
126
126
126
126
126
126
126
126
126
126
126
126
126
125
125
125
125
125
125
125
125
125
125
125
125
125
125
125
125
124
124
124
124
124
124
124
124
124
124
124
124
124
124
123
123
123
123
123
123
123
123
123
123
123
123
123
123
123
122
122
122
122
122
122
122
122
122
122
122
122
122
122
122
122
122
122
121
121
121
121
121
121
121
121
121
121
121
121
121
121
121
120
120
120
120
120
120
120
120
120
120
120
120
120
120
120
120
119
119
119
119
119
119
119
119
119
119
119
119
119
119
119
119
118
118
118
118
118
118
118
118
118
118
118
118
118
118
118
118
118
118
118
118
117
117
117
117
117
117
117
117
117
117
117
117
117
117
117
117
117
117
117
117
117
116
116
116
116
116
116
116
116
116
116
116
116
116
116
116
116
116
116
116
116
116
116
116
116
116
116
116
116
116
116
116
116
116
116
116
116
116
116
116
116
116
116
116
116
116
116
3028
2463
3037
1500
3747
