Nom du fichier: CERNIPf.Chn
Date: 30Apr86
Heure: 153000
Temps réel (s): 150000.0
Temps vivant (s): 150000.0
Dead time: 0,00 %
Offset des données: 0
Longueur des données: 4096
Coefficients de calibration énergie: 18.88, 0.4931, 0.0
Coefficients FWHM: 0.9833, 0.03834, 0.0
Coefficients de forme des pics: 1.3563156E-19, 1.3563156E-19, 1.3563156E-19
Description du détecteur: Detector description
Description de l'échantillon: Sample Descrption

Données du spectre (entiers):
150000
150000
0
0
0
0
0
0
0
0
0
0
0
0
0
0
0
0
0
0
1
44
452
2085
89701
226312
236602
229994
225374
220986
218562
216383
215757
214332
214092
213347
213014
212200
210671
209663
210042
209127
209320
207889
207224
206225
205758
205979
205101
204325
204704
203690
203508
202796
202630
202724
204351
205567
213101
248159
330861
354830
272628
210351
194576
190430
190658
190766
190930
189749
189949
189885
190664
190154
190385
191231
191918
192620
193064
193040
196965
197699
196791
196558
199348
199305
197517
197026
198611
198259
199204
200340
200542
201986
210577
224001
227252
213529
206992
205927
206568
206421
207839
208297
209659
209978
212560
214458
215692
215111
218883
222863
226568
222306
220210
224852
231034
228089
223953
223507
233057
265117
320703
324759
285017
249384
230248
225181
225626
225657
226644
229164
231788
231867
241593
251994
248254
239082
235065
233743
234750
236707
239089
245150
256864
258065
248187
242278
241284
241254
239884
239077
238810
238067
239672
240246
243930
246063
245022
247509
264061
295796
308237
280642
257152
253579
256559
258592
266123
302365
348614
330465
280271
271133
326408
379502
337160
264909
235543
227957
227920
227030
227382
226439
228221
252302
315648
341527
287535
234936
221267
218980
219394
222272
246760
315666
376171
337356
270903
232890
220295
215469
217117
222288
229307
231320
229071
225125
224117
218923
217928
216205
215117
213627
213563
212034
211840
211016
210145
210074
209605
210401
210648
207880
208376
209718
211973
209648
208828
211793
221608
224123
213992
205815
203836
203469
206005
204243
201483
201423
204093
209681
237546
382683
760012
976877
678654
331189
213093
191626
189292
189250
193426
218506
283505
323270
272598
217160
201943
199179
190481
187571
195193
211018
212961
197294
187809
184845
184891
189533
202524
207534
196818
184495
179976
178420
178740
177320
176444
176338
175177
175620
175280
175143
175760
174230
175306
176774
190115
223147
243112
222692
200148
187785
178737
173033
173941
174899
173851
171832
171299
170341
170381
170286
170331
169835
170512
169680
170563
169478
170064
170157
171110
170117
170188
170380
178071
197471
220712
216779
193552
175107
168741
168268
169608
174729
192171
211624
206375
185352
177185
176934
178794
175091
173379
172744
175313
176403
176543
173572
172389
170284
170041
170241
168195
169567
168870
168835
167658
168344
169100
168291
171399
170861
168563
167144
167354
167307
167570
166284
164994
163208
163243
162925
163249
164164
168016
170083
166859
161795
161170
159986
159909
159463
159277
158780
159023
158280
158144
158508
159149
160228
162979
163829
168982
172829
169374
160415
155348
152345
151699
150657
150978
149023
149353
148223
147022
145619
146024
144800
143970
143783
144050
145077
144793
142845
142330
140649
141033
140570
141103
141144
140728
140263
141510
141611
144566
150740
166979
202274
335720
1008758
2846361
3338725
2301822
1326576
362660
149703
120182
115209
114023
113831
113764
113757
113311
112005
111260
110346
110903
110379
109793
111067
119788
143698
161621
146635
121843
113546
117883
119611
117646
115060
109495
104313
102719
102074
103109
106100
106470
104042
101479
100714
100517
100550
100666
99933
100425
101301
102892
101325
101134
103198
108299
108387
104437
102199
105492
108485
105969
100740
97747
96709
96482
96287
96693
95869
96210
95924
96244
95910
97816
105244
126683
148425
138813
112553
98476
95022
94103
94785
96336
96860
95938
93662
93638
93120
93647
95483
96877
95503
94425
93543
94966
98453
109002
118186
112423
100270
94665
93541
94337
103229
123937
141675
130915
108983
97221
91420
90567
90868
91288
91794
92677
94238
104700
147321
231003
268859
210416
135257
100801
91146
88996
88605
89327
88750
88400
88457
89570
90049
89845
89061
88881
89192
90983
92349
92034
93020
98870
101375
96093
90573
88049
87320
87409
87281
86827
87931
90111
89945
90082
87501
87573
87106
87955
88017
90872
98312
110404
110681
99069
92330
90750
89281
88243
86826
86516
87119
89681
90201
88784
87106
86702
86658
86070
86463
86440
86468
87303
88667
90514
93226
92365
89475
88780
87784
88085
88518
89218
88240
87088
86201
85573
85528
84962
84674
85051
85144
85874
87495
89870
90658
89755
88088
94628
118112
167998
196943
163503
112306
89016
83146
82716
82753
82901
83160
84993
88953
92667
90401
87596
88249
91110
89193
86973
87562
92361
91644
90903
103402
136005
156076
137387
113289
104038
96254
88299
84062
81738
79885
79697
78798
79489
78780
79639
79460
79167
79171
78762
78325
79568
80680
85163
93092
98984
92927
83419
78490
77334
78595
78702
78982
78701
77157
77023
76983
77297
77308
77625
77523
77908
78004
78830
80709
86377
100430
147575
347375
906772
1563761
1501142
802111
281154
111460
78799
72769
70939
69793
70107
69305
69355
69725
69616
69055
68816
69575
69280
68976
69296
68237
69175
68651
68379
69490
69168
68591
68878
68424
68309
68315
68964
68886
68897
68886
68706
68702
68325
68420
68639
68876
68345
68212
68349
68717
69283
71688
75867
75925
73279
70047
68694
67957
68353
67680
68171
68929
69127
68339
68567
68051
67660
67886
67579
68050
67661
68009
68963
68581
68254
68127
67854
68110
68563
67909
68633
68966
68800
68010
69204
68813
68939
69447
69226
68870
68333
68319
68216
68397
68639
68879
70151
69844
69694
69359
69593
70682
71870
70309
68997
68665
70806
71224
71628
72141
75474
79213
79063
75099
71155
69747
70002
68768
69297
68897
69208
69156
69819
70919
74477
79940
81128
76829
71432
69392
69107
68755
70166
72825
74125
72996
70756
68876
68825
69236
71259
76372
84204
88862
84331
76399
71917
69549
68852
69287
68710
69798
71760
75403
76624
75262
71919
70836
70313
69524
69760
69661
69185
69104
69905
70097
72019
72870
73412
75188
78470
80729
78910
74681
70950
70004
69291
69100
69078
69433
69056
69811
70523
71546
71865
71401
69993
69424
69419
69548
69044
69008
69053
69049
69710
70494
73816
82400
90420
88719
79760
72458
70806
71039
72689
75167
75595
72875
71292
69895
70160
69415
69914
70397
70006
69969
70233
70172
70327
69846
69852
69853
70888
71596
75071
82710
88379
84565
78634
74407
74058
73558
71477
69481
68833
69543
71187
71085
69080
67460
66661
65400
65393
65037
64625
64392
63542
62325
61682
62118
63313
71090
101596
165085
215904
192755
128226
84210
65463
58581
56287
55536
55182
55154
56026
55790
55809
55731
55373
56506
59055
68203
106268
206684
332097
342164
225831
112368
64849
53857
52214
51769
51954
52561
52847
55270
58492
59947
58340
58890
70929
102047
133197
128387
92216
64628
53670
50950
51274
52158
53937
57403
62567
67515
70909
68393
60798
53864
50827
49548
49110
49288
49170
48733
49056
48727
48573
49045
49319
49105
49345
50546
53163
62459
100173
194776
303372
305938
201162
100952
59241
49603
47693
47089
47494
47944
49521
50604
52269
57778
70308
79913
74642
61409
53125
48864
47481
46790
46577
46810
48420
51560
55721
58804
70142
97418
118906
107728
76334
54417
47707
46464
46565
45414
45113
44539
44847
45828
45902
46257
45281
45001
44966
46700
52026
60215
63552
57427
49724
45366
44536
44169
44807
45000
44432
44111
44251
43385
43939
43357
43330
43512
43818
43484
44619
44989
46190
46087
44789
44085
44206
44346
44989
44771
43915
44346
46793
53022
62988
66515
59904
50185
45059
43642
43175
43449
43716
44200
46722
54580
70914
83475
78199
60891
48754
44008
43292
42952
43434
44113
45149
44856
43990
42980
42524
42138
41782
41447
41384
41025
40750
40882
40013
39667
39920
39178
40351
43348
50507
58130
57346
48404
41005
37752
36295
36200
36476
35918
35761
35485
35293
35086
35092
35314
35607
36025
36426
35568
35234
35017
34502
34376
34473
33895
34122
34150
33937
33998
33681
33547
33690
34075
35353
36514
37412
36951
35570
35547
37023
42177
62074
122269
219958
279393
227881
126402
60188
37825
32840
32787
35656
42710
51109
55689
54656
47778
39371
33606
30767
29886
29987
29609
29690
29949
29885
29686
29726
29740
29275
29387
29135
29316
29909
31980
38589
50432
59560
57047
46350
37176
31383
28598
27853
27285
27585
27339
27200
27134
27886
27961
29696
35308
56034
110351
185749
213033
159981
84889
42294
28898
26271
25806
25830
26186
27159
30323
40599
63408
88823
91350
67619
41880
29543
25804
24751
24663
24673
24823
25140
25767
26364
26067
25092
24631
24396
24425
24304
24580
24601
24105
24333
24460
25630
28102
36331
49904
58967
52419
38655
28521
24604
23887
23859
23637
23460
23482
24025
24435
24938
26763
29339
30114
28720
27900
30428
43956
91544
200196
324885
347311
236112
110256
46796
29462
28043
32665
43490
78148
206722
543977
1039941
1277162
985995
488988
196388
108185
86455
74032
74521
73689
56530
34857
22584
18313
17694
17188
17507
17068
17127
17129
17195
17464
17326
16940
16634
16932
16806
16710
16734
16866
16923
16543
17351
18999
23599
29477
32007
28349
22049
18263
16857
16529
16532
16045
16199
15962
16045
16081
15984
15715
15784
15863
15918
16060
16301
17802
20011
23341
25346
23729
20716
18678
17629
17066
16298
15724
15681
15633
15490
15663
15935
15761
15742
15538
15499
15435
15705
15704
16130
16603
16778
16710
15996
15538
15276
15286
15590
15315
15325
15265
15583
15588
15579
15588
15684
15597
15456
15334
15276
15257
15370
15301
15184
15178
15269
15721
16037
16186
16872
17703
19151
23268
29269
34992
38069
38972
36355
29824
27561
37377
60888
81694
77408
57199
41098
34053
28039
22207
18219
16070
15228
15118
14656
14905
14829
14706
14927
14891
14729
14816
14693
14730
15108
15971
18702
24618
30581
32035
26287
19723
16178
14825
14893
15217
15143
15391
15461
15143
15033
14732
14670
14691
14629
14487
14649
14803
14655
14921
15416
17091
20242
22910
22227
19141
16292
14978
14306
14836
16064
19618
27058
34516
35869
28743
20289
15844
14105
13706
13911
13718
13786
13834
13888
14087
14831
15492
17008
21163
30622
45742
55020
48205
32643
21189
17387
16817
16974
17607
19797
27107
53437
140814
355189
656361
817288
661748
352077
129866
40822
17185
12459
12123
12715
14636
16710
17435
15922
16460
19206
22936
22261
18794
16513
17387
18295
17406
15057
13646
14183
14992
14209
12800
11728
10821
10643
10590
10592
10832
10707
10975
11014
11563
11786
11908
11961
13192
15615
21350
36693
75082
131608
165054
138772
80123
34701
16026
10925
10058
10109
10267
11431
14138
19758
24822
24458
19201
13632
10561
9920
9650
9867
10221
10287
10156
10182
10505
12423
17323
26778
35629
36392
31232
32716
47366
64919
64363
45253
25517
17422
21374
35129
49429
51619
39554
29950
35253
52975
64889
55812
34443
18334
11360
9348
9358
9836
10206
10428
9934
9351
8872
8688
8737
8776
8779
8902
8563
8791
8702
8538
8770
9048
8953
9250
8850
8775
8758
8737
8907
8856
8816
9257
9303
9636
9337
8762
8564
8428
8389
8529
8636
8860
8846
8736
8596
8170
8347
8274
8101
8097
8170
8276
8161
8334
8141
7978
7952
7993
8041
8154
8119
8257
7987
8408
9145
10498
11686
12003
10677
8966
8354
8081
7944
7950
8375
8520
8133
8009
7948
7899
8131
8589
9238
10389
10167
9594
9330
10532
12234
13013
11917
10019
8733
8317
8325
9331
11484
14644
16886
16268
12759
9687
8264
7627
7720
7584
7672
7593
7712
7861
8151
8372
9480
10550
12186
13967
15332
15955
14508
11582
9240
8022
7575
7669
7494
7695
7444
7476
7586
7968
8411
9604
10548
10458
9489
8618
8085
7921
7667
7770
7750
8010
8050
8045
7570
7513
7589
7543
7642
7796
7668
7714
7750
7573
7533
7510
7550
7511
7511
7565
7534
7611
7749
7569
7587
7442
7453
7408
7457
7566
7518
7927
7832
8197
7834
7725
7568
7439
7374
7589
7986
8615
10732
14935
20642
25937
27145
23292
16703
10975
8306
7441
7337
7369
7540
7744
7652
7401
7329
7332
7956
8846
10328
11612
11290
9932
8371
7604
7376
7311
7588
8402
10018
13344
16858
17866
15503
11707
10132
10390
10687
9745
8509
7676
7215
7103
7311
7299
7059
7051
7140
7428
7781
7991
7780
7466
7143
7193
7726
8118
8217
7852
7413
7035
6907
6984
6736
6963
6910
7045
6853
6795
6838
6978
7011
7044
6835
6858
7059
7291
7620
7558
7937
7716
7728
8091
8229
8629
8780
9588
12742
23297
50275
95689
137267
139368
97742
49266
20331
9556
6873
6697
6566
6500
6486
6461
6537
6481
6425
6498
6580
6472
6716
7587
8361
9072
8710
8012
7034
6895
7130
8395
10886
13489
13842
12016
9132
7167
6508
6340
6233
6164
6143
6192
6235
6036
6028
6178
6171
6173
6185
6102
5946
6161
6221
6217
6315
6444
6130
6294
6258
6562
7201
8702
10645
11582
10504
8704
7152
6402
6214
6039
6078
6183
6084
6140
6057
6158
5965
6017
6041
5926
5842
6010
6001
6177
5899
6124
6213
6150
6215
6072
6061
6092
6036
6082
6142
6233
6220
6316
6142
6085
6138
6024
6013
5990
5939
6009
6039
6076
6005
5962
6036
6141
6250
6328
6194
6016
5985
5858
6035
6022
5898
5874
6073
5860
6014
6003
5917
5777
5771
5960
5972
5825
5790
5900
5837
5787
5934
5765
5897
6018
5811
5977
5816
5814
5867
5832
5714
5768
5866
5828
5758
5672
5853
5857
5908
5887
5862
5759
5875
5961
5813
5964
6166
6688
7611
8953
9814
9244
8059
6881
6325
6350
6828
7153
6735
6539
6060
5847
5770
5916
5634
5827
5680
5916
5958
5939
6115
6582
7865
11244
18757
29652
37761
35573
25378
14911
9113
7151
6562
6055
5959
5862
5971
5658
5803
5539
5542
5687
5734
5579
5635
5694
5714
5687
5797
5814
5886
5766
5739
5727
5604
5801
5550
5534
5727
5863
5780
5853
5859
5934
5923
5877
5973
5949
5741
5598
5626
5615
5757
5712
5727
5645
5526
5696
5666
5645
5560
5563
5736
5671
5717
5744
5846
5846
6139
5911
5845
5750
5643
5731
5713
5797
6003
6323
6418
6766
6815
6766
6686
6658
6681
6448
6420
6259
5947
5736
5750
5732
5589
5729
5708
5653
5427
5506
5613
5478
5518
5600
5549
5694
5740
5937
5769
5791
5776
5670
5545
5677
5620
5545
5514
5508
5512
5532
5716
5576
5619
5626
5492
5637
5466
5659
5522
5437
5525
5445
5549
5646
5789
5820
5872
5788
5985
5969
6051
6021
6004
5727
5604
5590
5783
5511
5599
5540
5781
5817
6479
7483
8649
9309
9053
7690
6325
5749
5648
5532
5750
6076
6794
7232
7365
6972
6698
6260
6217
6031
5874
5690
5717
5554
5522
5466
5631
5789
5777
5825
6335
7298
10217
15583
21597
25216
22942
16476
10225
7206
5819
5725
5588
5693
5737
5763
6169
7064
9062
12092
14308
14458
12067
8834
6824
6067
5992
6206
6866
7498
7694
7483
6690
6189
5819
5712
5664
5687
5638
5589
5878
5939
6040
6051
6108
5787
5900
5720
5568
5660
5625
5705
5670
5707
5568
5582
5610
5595
5434
5529
5429
5435
5473
5598
5594
5552
5824
5967
6683
7401
7682
7244
6564
5914
5812
5745
5926
6682
8706
11321
13736
14436
12005
9126
6897
5824
5530
5445
5495
5378
5394
5428
5330
5385
5431
5410
5281
5521
5382
5402
5383
5359
5234
5088
5155
5352
5258
5099
5152
5390
5263
5114
5428
5658
6042
6275
6060
5746
5360
5266
5257
5024
5096
5115
5034
5183
5274
5178
5085
5073
5183
5215
5097
5063
5108
5040
5024
5181
5149
5193
5255
5090
5157
5226
5205
5449
5573
6212
6386
6311
6150
5712
5382
5141
5033
5122
5151
5003
5119
5232
5149
5312
5236
5303
5219
5217
5250
5133
5173
5211
5054
5108
5223
5188
5232
5092
5107
5029
5163
5145
5064
5147
5008
5181
5126
5115
5136
5211
5120
5102
5121
5085
5075
5199
5178
5246
5254
5320
5166
5166
5204
5299
5387
5852
6936
8982
10849
11532
10331
8306
6876
6554
6330
6450
5962
5341
5028
4852
4923
4788
4700
4802
4810
4904
4711
4564
4738
4578
4472
4672
4584
4516
4591
4290
4508
4385
4260
4385
4215
4286
4356
4324
4292
4495
4538
4687
4758
4426
4423
4142
4193
4183
4064
4034
4007
4006
4083
4154
4032
4095
4067
3912
4016
4067
3981
4262
4210
4031
4083
3907
3994
3930
4011
3954
3990
3921
3997
3890
3916
4096
4218
4524
4850
5088
4950
4878
4832
4830
4466
4297
4035
3850
3933
3822
3921
3870
4020
4064
4085
4157
4092
4079
3899
3897
3862
3758
3900
3867
3786
3881
3747
3790
3929
3952
4069
4484
5091
6559
8289
9755
9276
7798
5999
4731
4649
5264
7075
9776
12242
13095
11327
9028
7674
7976
8278
7495
6056
4738
3989
3694
3643
3629
3648
3636
3759
3558
3738
3590
3542
3658
3543
3540
3550
3560
3634
3507
3615
3560
3494
3512
3490
3524
3588
3490
3617
3691
3803
3974
3772
3901
3885
3817
3854
4051
4126
4086
4006
3814
3646
3561
3581
3490
3522
3613
3576
3438
3529
3521
3542
3521
3522
3553
3585
3430
3543
3491
3469
3495
3384
3474
3536
3749
4128
4482
4956
4779
4362
3922
3630
3527
3493
3607
3451
3580
3772
3580
3842
3583
3648
3410
3534
3436
3452
3429
3393
3396
3455
3385
3356
3488
3417
3334
3350
3446
3287
3447
3510
3386
3403
3378
3467
3449
3408
3457
3417
3329
3443
3447
3329
3347
3377
3381
3434
3326
3422
3412
3382
3419
3409
3514
3552
3458
3445
3407
3466
3447
3527
4104
4642
5477
6127
6211
5506
4834
3901
3692
3444
3576
3434
3733
4321
5530
8468
11775
14225
14818
11990
8193
5271
3647
3224
3127
3147
3258
3419
3621
3735
3668
3360
3046
2809
2702
2664
2693
2644
2699
2723
2950
3091
3195
3293
3153
2914
2784
2805
2656
2692
2661
2769
2703
2689
2668
2710
2621
2666
2602
2562
2627
2671
2732
2883
2916
3109
3638
5367
9288
16667
26410
34275
34831
27424
17167
9509
5467
3736
3050
2628
2533
2341
2352
2369
2363
2325
2376
2383
2485
2565
2824
2732
2762
2696
2527
2432
2317
2479
2427
2393
2245
2232
2188
2174
2171
2193
2208
2151
2135
2140
2141
2111
2128
2170
2231
2142
2179
2181
2077
2151
2149
2253
2127
2199
2160
2100
2118
2173
2185
2146
2072
2110
2091
2131
2095
2115
2065
2076
2069
2061
2117
2098
2136
2104
2064
2074
2131
2059
2182
2111
2168
2146
2541
3075
3850
4706
5342
5883
6394
7468
8585
8951
7563
5371
3644
2483
2143
2064
2083
2038
2050
2075
1986
2039
2093
2009
2005
2034
2057
2043
2066
2012
1992
2049
2015
2031
2190
2238
2407
2612
2688
2960
3815
5908
11505
22402
39389
57196
66046
58071
39222
19859
8257
3326
1771
1551
1377
1461
1458
1365
1402
1380
1289
1337
1296
1300
1305
1314
1302
1374
1330
1362
1264
1251
1287
1269
1398
1416
1708
1849
1934
1796
1623
1408
1421
1412
1383
1366
1313
1217
1281
1197
1209
1178
1204
1165
1097
1156
1101
1121
1081
1166
1136
1230
1217
1265
1304
1234
1247
1281
1321
1259
1217
1262
1252
1154
1211
1357
1292
1456
1430
1379
1199
1285
1278
1413
1486
1457
1441
1375
1365
1323
1228
1199
1165
1255
1284
1341
1391
1288
1167
1119
1139
1158
1259
1372
1540
1478
1327
1221
1109
1094
1077
1147
1183
1073
1087
1083
1027
1026
1013
999
1099
1073
1136
1240
1323
1296
1298
1197
1126
1040
970
997
1012
995
1012
996
1007
1015
928
1027
980
1025
945
1042
1004
1019
994
1000
1055
1076
1068
986
992
1005
990
1026
996
974
1023
960
1020
1043
1060
1063
1040
1043
1031
1038
1032
1033
1136
1104
1109
1104
1065
1078
978
985
1009
944
944
958
1019
973
974
980
902
933
961
931
949
965
977
935
949
883
982
936
956
998
1003
1043
1019
1019
1055
1015
997
989
990
1001
954
1026
983
978
930
1013
957
989
922
957
993
986
966
974
916
930
925
907
973
924
892
951
1031
955
954
998
1047
1013
1012
1054
1036
1022
984
1044
1100
1045
1048
1080
1191
1230
1220
1179
1121
1119
1195
1140
1158
1111
1147
1123
1127
1265
1499
1733
2102
2263
2035
1725
1492
1437
1543
1904
2569
3233
3760
4405
6823
12683
24604
42820
62092
71410
64197
44926
24174
10309
3882
1623
992
811
842
796
809
790
763
722
748
792
783
758
757
758
739
789
735
743
788
748
747
755
729
703
693
682
767
699
654
737
742
700
760
706
779
748
747
753
804
868
1002
1197
1368
1608
1651
1567
1456
1184
1087
896
811
814
812
757
737
705
743
748
774
808
867
1051
1225
1340
1267
1056
886
745
737
702
714
678
703
753
815
675
792
851
915
863
827
809
730
706
694
723
691
651
756
754
722
728
727
807
804
768
718
710
690
703
718
730
719
672
660
695
680
657
752
703
670
678
729
631
655
729
689
671
661
676
746
719
770
828
844
966
914
841
803
768
690
666
716
701
680
746
751
688
719
704
708
691
715
665
773
684
781
708
707
671
717
676
662
679
696
686
672
645
700
719
718
690
678
740
677
672
685
721
726
655
702
764
689
634
700
723
703
718
688
703
706
673
659
680
734
752
733
721
714
726
775
745
706
662
682
646
659
612
647
643
625
652
676
635
628
600
680
635
699
613
648
635
610
630
617
625
626
616
603
613
651
622
660
617
651
622
625
655
613
676
665
650
644
625
746
753
752
674
699
658
613
630
672
682
686
781
712
724
598
609
602
645
632
693
676
723
825
996
1167
1306
1281
1241
1123
1176
1228
1156
968
891
728
640
624
625
626
641
614
575
570
547
613
646
598
606
583
615
619
598
626
602
582
649
611
615
624
611
584
566
566
593
621
606
630
652
634
592
575
575
603
588
620
634
682
711
690
712
672
687
766
902
1113
1361
1435
1365
1169
993
860
844
868
857
863
779
799
1056
1500
2135
2854
3334
3322
2607
1737
1057
735
656
580
576
583
534
538
560
561
562
500
549
563
573
537
550
575
593
526
599
624
624
696
723
755
731
630
548
509
483
504
544
528
504
554
567
496
555
539
552
596
492
471
476
507
494
488
479
523
494
556
495
517
531
528
444
481
477
524
482
488
496
539
477
497
499
457
461
491
536
516
493
505
532
573
591
607
542
502
520
548
500
510
487
519
463
456
464
496
535
507
500
520
528
492
529
550
513
515
486
513
481
462
474
503
473
481
450
436
507
487
512
509
470
491
477
509
453
515
488
477
476
473
455
486
501
509
516
574
534
526
537
482
428
473
462
506
486
478
491
497
506
565
518
541
521
532
498
490
519
486
462
490
509
468
491
407
450
465
524
560
615
729
760
802
748
675
562
517
444
433
455
486
436
439
463
484
467
438
496
464
440
453
475
452
428
444
442
465
448
419
428
445
406
442
438
423
436
459
505
458
530
502
500
570
488
445
458
461
443
440
431
453
413
463
476
497
462
445
447
421
428
470
447
473
525
502
453
475
499
451
469
448
424
419
466
465
452
429
437
476
450
480
487
541
569
543
538
494
474
456
425
455
419
420
385
430
452
417
437
440
426
433
473
470
424
453
428
406
415
422
409
423
427
398
392
442
424
414
462
434
407
444
392
431
396
449
411
450
460
413
447
413
443
457
446
453
491
457
474
473
452
425
454
443
449
527
555
733
1110
1796
2745
3608
4114
4001
2959
2002
1186
717
563
533
542
438
498
491
408
419
412
406
384
444
376
398
410
400
423
430
407
397
378
375
444
393
381
450
446
415
430
410
438
406
429
411
377
353
404
384
406
408
410
387
368
450
420
410
414
429
400
377
392
380
357
335
391
368
382
414
392
364
391
402
358
383
354
377
363
371
417
400
422
383
377
370
361
381
398
360
419
412
404
390
449
396
367
415
392
386
377
390
386
344
347
378
390
384
371
366
382
399
334
358
381
354
359
369
326
357
386
363
367
350
380
360
357
383
336
369
321
349
361
334
363
421
341
368
357
364
367
356
331
344
347
355
339
356
355
370
300
320
340
379
349
339
381
385
365
347
378
375
323
362
423
566
762
1098
1680
2481
3323
3767
3594
3015
1981
1159
646
501
335
331
342
326
353
328
400
455
464
461
486
454
436
406
380
349
351
329
332
307
362
306
342
319
317
345
344
321
326
299
322
335
337
331
326
321
314
321
335
322
334
347
360
356
330
342
348
307
335
317
339
327
349
314
354
321
320
330
328
304
282
323
339
