Nom du fichier: D057D3_2K.Chn
Date: 12Feb131
Heure: 111758
Temps réel (s): 1239.84
Temps vivant (s): 1096.64
Dead time: 11,55 %
Offset des données: 0
Longueur des données: 8192
Coefficients de calibration énergie: 2.0856342, 0.42819902, 0.0
Coefficients FWHM: 3.8337736, 8.2997483E-4, 3.6484817E-30
Coefficients de forme des pics: 7.934235E-39, 0.0, 0.0
Description du détecteur: MCB 129
Description de l'échantillon: 

Données du spectre (entiers):
0
0
0
0
0
0
0
0
0
0
0
0
0
0
0
0
0
0
0
0
0
0
0
0
76
2411
2666
2536
2403
2459
2418
2405
2217
2309
2192
2255
2205
2143
2104
2084
2055
2055
2081
2019
2044
1884
1930
1882
1940
1912
1880
1944
1923
1819
1802
1765
1814
1783
1708
1719
1792
1764
1690
1682
1604
1708
1622
1694
1617
1644
1560
1649
1623
1638
1607
1590
1541
1640
1506
1586
1558
1507
1507
1505
1489
1497
1449
1508
1433
1447
1459
1461
1514
1496
1452
1517
1461
1402
1447
1448
1451
1426
1466
1439
1444
1456
1436
1447
1470
1508
1423
1418
1429
1412
1442
1326
1356
1385
1391
1368
1378
1473
1360
1477
1470
1401
1490
1417
1444
1418
1430
1390
1468
1428
1419
1444
1472
1450
1429
1410
1396
1336
1435
1415
1402
1323
1349
1371
1376
1411
1376
1409
1394
1396
1385
1399
1430
1388
1451
1417
1395
1421
1397
1401
1378
1453
1421
1382
1530
1379
1499
1547
1568
1622
1646
1695
1579
1495
1490
1467
1474
1420
1512
1428
1461
1485
1359
1483
1431
1514
1403
1445
1496
1444
1482
1472
1544
1497
1485
1538
1549
1575
1482
1499
1493
1481
1482
1444
1530
1472
1425
1460
1462
1557
1477
1541
1571
1653
1921
2308
2444
2356
2070
1738
1602
1506
1491
1486
1449
1482
1460
1526
1447
1471
1563
1564
1457
1547
1485
1608
1610
1745
1708
1740
1658
1571
1526
1431
1466
1435
1465
1535
1525
1425
1495
1455
1395
1485
1492
1519
1493
1525
1431
1480
1546
1489
1470
1504
1517
1460
1544
1486
1579
1524
1493
1583
1467
1567
1568
1544
1599
1665
1765
1929
1836
1729
1625
1605
1522
1568
1529
1636
1584
1516
1518
1618
1583
1707
1604
1641
1601
1536
1574
1643
1567
1574
1538
1518
1583
1471
1535
1508
1504
1640
1583
1543
1617
1556
1564
1574
1578
1620
1612
1548
1534
1552
1580
1543
1645
1572
1544
1542
1550
1505
1565
1590
1504
1489
1590
1591
1475
1454
1533
1505
1489
1583
1554
1441
1533
1537
1625
1512
1509
1456
1567
1555
1430
1546
1577
1555
1623
1479
1509
1572
1482
1541
1523
1483
1503
1539
1460
1482
1574
1513
1534
1520
1532
1502
1565
1480
1533
1504
1521
1648
1747
1846
1954
1939
1784
1593
1521
1495
1575
1475
1481
1572
1592
1550
1620
1640
1581
1495
1558
1510
1506
1493
1435
1486
1536
1526
1453
1527
1479
1573
1471
1513
1435
1522
1546
1435
1500
1527
1500
1496
1488
1507
1455
1519
1488
1497
1450
1594
1579
1547
1562
1470
1490
1553
1495
1502
1537
1522
1524
1591
1567
1531
1589
1583
1552
1606
1612
1657
1647
1607
1657
1788
1649
1749
1779
1788
1834
1873
1833
1922
1915
1923
1840
1889
1850
1852
1848
1916
1822
1934
1938
1886
1889
1853
1906
1882
1962
1944
1939
1930
1893
1854
1978
1932
1908
1942
1975
1820
1910
1995
1974
1880
1997
1887
1843
1824
1829
1835
1868
1877
1860
1824
1792
1776
1813
1743
1949
1750
1800
1720
1857
1768
1812
1806
1780
1746
1677
1791
1662
1813
1726
1799
1699
1708
1780
1712
1814
1700
1702
1706
1741
1637
1703
1692
1728
1755
1634
1699
1677
1673
1606
1620
1650
1665
1627
1628
1649
1580
1530
1585
1626
1575
1573
1585
1618
1613
1509
1586
1587
1544
1642
1556
1570
1538
1444
1569
1535
1509
1475
1585
1502
1571
1468
1468
1519
1531
1481
1546
1475
1488
1496
1496
1415
1440
1513
1471
1459
1423
1399
1475
1438
1456
1524
1452
1426
1488
1464
1422
1430
1491
1481
1419
1435
1456
1466
1446
1533
1462
1427
1428
1367
1368
1491
1419
1388
1427
1445
1413
1419
1451
1332
1420
1411
1385
1394
1389
1366
1424
1410
1397
1431
1398
1386
1390
1370
1377
1356
1377
1421
1352
1356
1370
1353
1389
1368
1375
1427
1496
1417
1456
1497
1388
1433
1397
1296
1391
1351
1348
1311
1377
1308
1353
1384
1378
1372
1366
1323
1406
1400
1335
1323
1437
1364
1286
1415
1335
1322
1330
1329
1332
1322
1282
1365
1367
1353
1315
1344
1326
1311
1357
1337
1301
1355
1288
1307
1320
1262
1316
1394
1287
1331
1367
1314
1307
1285
1262
1286
1323
1300
1279
1334
1298
1320
1286
1354
1353
1317
1265
1290
1290
1259
1280
1260
1364
1282
1300
1275
1273
1343
1253
1222
1223
1271
1258
1286
1292
1240
1301
1283
1392
1577
1693
1757
1623
1499
1354
1276
1286
1238
1254
1253
1227
1230
1215
1286
1290
1248
1304
1223
1193
1300
1278
1182
1259
1237
1168
1252
1249
1265
1214
1268
1236
1253
1238
1291
1199
1221
1278
1184
1263
1208
1170
1196
1201
1277
1173
1169
1218
1210
1223
1181
1211
1246
1186
1241
1270
1253
1248
1265
1220
1307
1264
1181
1136
1197
1149
1138
1176
1193
1249
1219
1197
1213
1178
1182
1148
1121
1188
1164
1176
1207
1160
1164
1167
1206
1098
1147
1225
1166
1177
1177
1136
1084
1135
1161
1165
1253
1254
1293
1303
1248
1211
1192
1091
1146
1139
1174
1122
1169
1135
1201
1156
1176
1132
1171
1109
1120
1172
1158
1144
1188
1119
1090
1125
1154
1099
1152
1096
1171
1061
1166
1111
1112
1119
1136
1109
1141
1135
1075
1113
1181
1096
1077
1138
1097
1096
1089
1048
1097
1158
1145
1132
1162
1127
1094
1042
1139
1113
1128
1126
1150
1192
1209
1126
1163
1098
1093
1070
1056
1055
1125
1057
1089
1096
1114
1076
1036
1126
1054
1134
1079
1124
1109
1082
1046
1118
1160
1077
1131
1016
1049
1087
1076
1090
1082
1087
1109
1139
1111
1132
1115
1142
1090
1109
1096
1067
1070
1123
1071
1046
1077
1089
1100
1112
1112
1096
1046
1113
1102
1063
1020
1048
1093
1081
1066
1042
1082
1195
1165
1059
1058
1050
1015
1055
1122
1124
1058
1043
1048
1087
1035
1029
1049
1085
1124
1083
1078
1048
1095
1057
1048
1016
1022
1108
1046
1039
1061
1020
1019
1065
1088
1118
1090
1049
1052
1024
1017
1087
1046
1069
1052
1023
1076
1051
1021
1109
1043
1078
1057
1119
1067
1028
1023
1094
1093
1062
1089
1133
1147
1150
1158
1093
1084
1016
996
1045
1059
993
1017
1074
1021
1044
1066
1047
1071
1024
1058
999
1045
1104
1014
1089
1030
1109
1036
1014
1098
1051
1076
1078
1047
1066
984
1051
1140
1057
1020
1104
1086
1101
1060
1020
1042
1055
1068
1051
1070
1044
1074
995
1047
996
1049
1061
1048
1031
1038
1071
1062
1035
1056
1030
1034
1030
1059
940
1006
1010
1033
1074
1038
1068
1054
1059
1088
1054
1056
1057
1057
1067
1025
1027
1093
1076
1063
1075
1103
1044
1052
1032
994
1020
1060
1096
1046
996
1090
1057
1046
1057
1100
1089
1092
1078
1077
1062
1109
1108
1063
991
1052
1056
1089
1093
1079
979
1060
1042
1064
1004
1035
1073
1031
1086
1065
995
1070
1072
1071
1095
1070
1044
1029
1039
1098
1092
1063
1033
1041
1142
1052
1084
1054
1075
1081
1066
1068
1110
1088
1082
1191
1227
1396
1546
1834
2017
2329
2335
2147
2107
1803
1550
1435
1226
1174
1159
1081
1090
1002
1060
1131
1118
1093
1077
1041
1059
1067
1087
1119
1067
1114
1085
1104
1050
1095
1108
1046
1111
1057
1082
1062
1082
1070
1104
1099
1124
1089
1051
1059
1113
1119
1113
1072
1082
1095
1062
1094
1061
1052
1104
1137
1126
1084
1120
1111
1130
1050
1061
1094
1081
1063
1075
1122
1108
1039
1123
1111
1104
1079
1088
1105
1090
1088
1125
1109
1151
1163
1129
1177
1116
1157
1119
1108
1122
1106
1073
1201
1154
1097
1150
1106
1146
1157
1119
1158
1188
1097
1137
1127
1059
1166
1093
1112
1117
1100
1149
1180
1284
1156
1158
1154
1166
1145
1202
1161
1159
1241
1200
1171
1143
1153
1174
1168
1198
1127
1193
1234
1174
1133
1200
1173
1261
1228
1228
1214
1192
1206
1123
1232
1250
1213
1244
1188
1248
1230
1248
1206
1203
1252
1229
1208
1220
1213
1308
1252
1285
1189
1205
1259
1230
1256
1223
1243
1247
1252
1248
1283
1219
1268
1288
1242
1215
1270
1291
1303
1257
1320
1287
1301
1303
1248
1237
1268
1299
1311
1243
1283
1375
1326
1349
1349
1268
1455
1355
1372
1409
1311
1334
1338
1359
1368
1327
1390
1380
1375
1305
1432
1411
1409
1335
1386
1353
1412
1398
1405
1405
1399
1327
1404
1466
1390
1445
1447
1410
1429
1402
1414
1431
1481
1471
1436
1440
1417
1467
1486
1477
1479
1443
1421
1458
1464
1499
1526
1543
1519
1504
1472
1515
1583
1538
1580
1530
1531
1565
1586
1604
1543
1580
1558
1546
1542
1599
1580
1542
1594
1573
1653
1572
1620
1574
1568
1542
1577
1640
1536
1658
1716
1683
1598
1619
1665
1753
1742
1744
1699
1714
1655
1694
1665
1695
1683
1599
1613
1676
1583
1678
1566
1605
1699
1688
1629
1628
1606
1702
1688
1646
1655
1655
1640
1624
1663
1612
1704
1584
1602
1597
1603
1549
1529
1469
1426
1479
1425
1369
1330
1361
1262
1264
1324
1226
1191
1146
1247
1167
1266
1137
1071
1164
1118
1130
1069
1128
1064
1061
1012
1111
1071
1061
1043
1044
997
989
1003
1013
943
1012
971
981
984
1042
952
962
965
949
947
976
995
931
950
916
1000
978
934
925
919
898
911
937
907
957
919
906
897
904
895
803
905
841
910
861
847
893
877
877
859
869
843
812
876
876
773
871
812
846
828
816
789
818
763
783
768
813
821
792
765
757
791
780
732
764
797
754
755
832
767
749
728
739
759
748
698
704
711
803
715
747
706
705
748
720
709
750
757
690
653
725
683
683
664
681
700
667
726
664
631
682
654
664
659
665
627
637
620
630
606
643
646
621
608
616
604
666
674
621
642
642
612
611
595
601
558
596
591
564
539
603
527
569
541
575
571
541
515
543
590
519
503
518
539
537
538
547
560
487
503
499
475
481
487
468
497
512
483
520
535
482
477
508
519
496
456
484
462
455
447
478
436
478
475
468
462
419
434
442
464
477
427
417
449
406
443
414
427
454
452
471
411
408
435
435
408
467
414
389
419
391
401
433
425
393
424
411
447
426
386
407
440
445
411
422
420
441
411
395
393
402
418
409
392
399
360
384
391
381
394
385
407
370
396
366
397
381
404
377
365
367
378
389
394
387
430
375
385
352
383
405
409
398
387
386
368
354
351
359
381
370
349
364
364
395
363
354
341
367
373
387
360
369
366
384
369
380
353
371
329
367
352
387
348
305
381
374
422
487
562
492
578
503
413
386
348
369
366
343
343
357
347
341
406
365
408
348
354
339
366
347
385
332
352
343
347
369
350
358
379
390
344
315
369
350
356
355
362
343
347
333
378
333
347
369
373
329
349
363
347
402
327
329
357
328
353
353
348
339
354
380
359
339
322
323
365
355
342
338
327
373
348
333
390
343
371
370
331
369
330
318
309
371
331
337
340
344
349
341
361
322
343
343
344
343
356
337
337
376
346
366
349
370
417
405
349
418
354
366
376
356
362
348
343
381
392
361
354
361
429
451
547
577
726
840
1291
1892
2672
3236
4027
6575
14832
33716
63439
94630
109846
99956
71403
40109
18080
6731
2236
764
355
293
259
208
251
257
217
204
218
210
203
230
188
211
217
231
212
230
221
221
246
194
203
204
200
195
213
203
210
196
199
180
173
210
190
188
199
187
186
188
185
205
227
171
203
217
202
203
190
173
200
177
189
177
187
180
178
171
190
170
193
175
186
179
187
186
187
168
173
214
188
195
162
189
183
179
166
168
180
184
184
189
176
188
194
187
192
159
181
195
184
192
196
166
161
189
191
180
215
201
178
182
185
189
176
169
172
169
168
198
180
204
164
191
190
182
185
179
181
177
176
188
162
169
174
154
159
196
195
192
186
171
197
173
185
196
196
165
157
200
174
185
179
174
205
213
183
187
194
183
178
199
169
140
172
191
171
156
168
184
170
176
218
208
212
186
185
171
175
166
178
189
177
173
183
186
198
194
187
206
179
191
241
187
192
163
199
177
186
181
183
172
167
180
187
169
190
208
158
193
174
164
173
185
206
177
199
193
198
192
183
175
171
191
184
188
176
173
189
201
174
169
171
192
196
199
168
186
194
167
185
196
195
185
164
196
187
191
131
175
183
194
202
194
182
194
158
194
170
182
188
168
192
194
185
195
204
191
180
208
223
223
311
341
359
335
278
237
211
212
163
166
179
193
206
202
173
189
191
189
215
182
204
170
184
190
205
175
184
204
166
192
201
208
185
197
196
206
199
200
195
193
189
209
173
171
194
155
186
206
176
178
173
188
199
191
162
180
167
182
165
180
204
185
195
155
178
182
185
203
177
184
199
182
205
181
188
219
196
227
175
178
183
172
198
203
206
188
208
214
195
207
182
167
205
212
195
192
210
212
204
188
211
195
197
193
201
187
184
192
167
194
199
194
172
199
207
203
246
324
480
724
919
1051
977
817
522
352
258
217
209
186
193
231
183
180
203
226
181
222
207
179
211
176
165
182
215
176
182
208
199
197
201
196
195
197
178
208
218
206
218
190
240
185
217
183
191
182
198
188
189
187
197
203
181
222
220
252
216
286
210
228
213
235
219
218
201
223
191
233
208
210
227
187
196
185
181
195
221
234
202
205
197
180
231
208
185
233
201
196
205
189
199
222
196
204
215
212
211
197
225
221
220
238
208
199
208
201
182
228
201
188
201
179
207
195
222
216
212
228
215
181
191
218
219
196
194
234
193
190
206
216
220
222
202
186
203
225
224
198
196
209
241
213
217
207
189
211
229
230
224
247
200
217
232
197
208
204
243
254
216
209
196
203
203
211
215
222
232
239
227
219
206
207
201
185
210
238
243
272
320
344
388
382
349
302
244
211
203
226
220
224
240
237
241
267
271
256
260
249
259
254
252
209
209
218
219
196
232
234
244
234
245
204
223
232
240
215
229
204
243
217
245
253
223
239
238
224
244
250
217
240
228
225
257
246
230
237
224
229
238
247
261
203
220
233
249
227
255
258
248
256
239
218
248
275
258
215
216
208
226
223
237
257
253
239
261
222
228
261
255
245
230
230
235
261
243
253
231
206
200
217
220
219
252
234
227
251
234
245
222
241
230
228
268
239
241
221
243
258
259
205
240
218
265
247
247
230
237
260
238
242
245
228
206
257
230
216
247
281
224
234
240
291
223
211
257
232
212
260
234
241
217
198
226
228
203
220
251
225
198
225
206
210
219
213
209
193
221
213
225
231
194
171
188
202
174
204
203
206
196
209
208
230
180
206
211
184
208
207
211
212
196
238
184
184
202
210
197
227
193
210
204
212
191
185
195
184
185
188
193
216
183
224
186
204
181
197
188
177
194
203
218
188
204
212
219
195
190
180
198
200
216
194
205
194
229
192
203
214
190
233
199
201
171
219
237
211
195
192
190
195
180
216
167
206
192
194
177
205
192
204
178
215
188
214
188
210
221
195
184
205
145
207
196
222
182
224
184
208
184
203
191
193
213
181
211
191
198
221
176
198
184
207
185
198
199
194
187
200
216
170
183
165
169
173
173
183
185
179
158
181
213
186
185
191
195
175
182
184
180
183
195
200
179
195
191
193
161
165
183
196
195
181
173
180
191
174
185
198
196
189
201
230
229
255
253
240
227
198
204
194
163
157
159
179
169
170
171
189
208
168
163
178
182
175
171
178
171
184
160
176
161
188
176
188
183
173
192
191
162
187
172
174
166
190
179
186
197
184
196
166
187
167
185
205
177
172
177
171
167
173
194
176
163
166
191
190
181
177
162
203
235
212
196
225
221
206
206
197
203
175
195
192
249
285
306
328
334
268
251
206
188
174
188
148
179
181
174
160
157
167
158
176
184
172
179
177
182
164
169
193
174
191
180
198
158
181
155
186
183
188
181
159
151
173
150
178
192
210
262
290
402
494
485
480
426
343
258
225
181
219
229
244
286
344
353
425
498
461
476
420
371
306
245
247
205
195
174
187
172
205
177
171
188
188
185
202
157
197
194
163
198
168
187
183
170
212
189
194
159
186
185
180
175
172
207
194
194
193
168
202
187
175
179
162
183
176
170
161
210
152
162
192
181
170
176
165
168
172
212
186
175
174
199
172
177
186
178
155
180
186
174
188
193
185
169
161
182
166
183
191
210
176
170
166
154
192
157
192
179
179
202
193
167
181
193
209
191
192
190
181
180
206
177
195
192
171
201
187
197
202
172
189
194
173
198
213
163
163
191
184
183
172
181
191
178
195
193
197
185
193
192
167
212
207
174
184
201
188
177
211
186
186
177
182
171
209
188
189
215
216
286
355
655
1248
2360
3982
5578
6623
6280
5117
3290
1887
975
473
295
218
205
193
177
174
179
179
164
185
175
194
173
146
173
167
174
163
168
191
176
195
187
185
189
181
179
161
200
177
181
169
178
171
182
188
204
192
195
191
190
206
218
166
169
187
187
185
182
196
201
159
174
181
188
197
201
189
229
196
190
180
183
201
177
196
165
184
179
205
191
205
172
193
182
197
198
181
184
193
181
171
191
179
175
204
174
171
183
214
182
181
201
163
182
202
167
199
208
188
201
198
232
173
227
182
179
201
192
184
214
190
179
195
197
207
183
202
182
190
183
213
209
189
193
184
202
193
169
192
184
183
183
202
221
212
223
203
191
209
250
247
317
409
539
665
703
634
542
404
305
218
181
194
194
204
201
174
202
210
218
199
230
206
217
200
196
198
173
194
213
217
187
178
219
183
189
200
209
202
213
192
199
201
210
194
189
199
189
221
218
199
231
203
210
220
189
213
222
237
226
183
192
208
212
193
232
204
204
213
198
218
183
186
192
166
233
191
213
214
228
211
206
212
214
228
200
220
210
237
205
222
231
191
237
199
212
212
231
211
242
226
224
212
213
207
238
227
209
211
221
186
237
203
233
218
208
223
242
212
225
219
268
251
241
230
212
226
258
207
220
212
201
209
237
236
245
223
249
224
222
222
232
233
214
230
251
231
239
216
249
216
212
267
241
234
235
225
226
243
258
263
272
231
235
241
250
260
243
211
254
204
279
237
261
244
255
262
254
225
252
244
240
262
264
242
226
227
249
237
240
248
257
244
213
231
230
256
265
248
223
242
232
239
228
248
272
241
228
275
265
277
317
356
398
482
585
691
706
601
507
403
319
281
262
240
260
235
281
242
293
271
264
264
234
269
252
273
271
230
253
263
279
239
261
298
251
255
239
229
275
249
270
290
248
260
278
315
266
262
233
269
254
258
269
299
273
291
287
286
286
286
275
309
281
280
274
260
295
282
282
305
292
276
280
272
299
267
265
268
271
289
282
288
287
286
293
295
320
286
275
276
276
276
266
283
274
276
279
286
283
268
296
281
295
291
318
299
271
320
287
265
310
283
299
284
283
270
282
312
274
265
291
291
259
293
293
286
284
276
276
292
300
278
294
288
290
309
288
273
289
299
294
295
258
265
280
282
292
292
267
248
289
271
262
249
223
266
282
215
246
264
221
234
225
215
220
220
246
229
233
222
221
263
245
246
245
224
232
242
247
267
247
293
338
426
453
460
516
462
447
406
379
304
266
193
215
235
216
194
180
224
192
196
226
206
201
200
206
191
235
206
181
187
216
234
187
176
206
172
218
215
206
203
201
204
199
213
162
153
193
198
173
200
189
242
190
197
186
165
207
196
180
193
194
200
172
176
211
207
204
186
159
190
197
203
213
187
195
189
203
198
196
193
194
216
185
198
196
204
182
167
186
183
184
192
169
170
191
158
182
183
192
215
210
189
180
176
175
171
162
171
172
171
225
158
166
173
168
189
171
161
159
170
167
155
177
162
151
160
165
154
157
158
194
151
156
177
160
178
171
168
187
141
167
144
163
171
177
152
165
177
150
150
166
159
151
147
136
144
160
160
142
165
159
156
163
156
154
161
129
140
142
137
144
155
138
159
137
145
162
144
126
163
143
157
157
166
129
151
127
147
134
131
151
123
149
126
122
123
150
143
128
109
139
125
152
143
126
130
166
141
125
131
154
131
166
136
153
161
166
135
139
126
139
126
144
107
119
129
113
114
124
134
110
123
131
122
121
142
104
122
113
129
137
95
121
104
93
114
119
117
120
114
105
125
125
108
99
95
116
119
114
123
111
109
97
120
89
122
103
127
128
103
123
127
117
122
132
99
119
111
114
131
100
104
110
118
109
125
143
119
97
123
106
100
104
94
119
112
113
127
120
102
87
104
121
137
180
226
274
307
316
270
225
186
128
120
117
106
94
121
129
127
123
114
105
110
104
109
114
120
106
124
105
108
115
118
97
123
110
113
115
121
124
125
122
119
113
114
123
113
98
96
116
109
113
106
117
118
108
120
94
102
117
93
120
125
110
115
110
114
122
123
112
111
125
109
132
123
105
108
125
91
101
99
98
118
118
106
113
99
107
112
104
115
111
112
108
125
128
125
121
127
115
114
122
93
99
107
129
116
111
143
188
260
448
709
1099
1463
1867
1871
1596
1239
814
462
301
187
145
136
111
119
97
131
136
114
110
102
114
99
123
117
112
112
130
138
110
116
115
123
109
105
126
124
121
133
112
126
128
106
136
127
116
101
131
121
116
114
124
119
119
110
130
139
140
126
122
129
128
132
147
82
136
140
129
171
210
303
595
1212
2542
4572
7481
10750
13476
14088
12476
9634
6134
3416
1637
726
332
202
139
118
132
118
125
112
127
116
108
149
108
124
110
117
115
119
131
134
119
127
102
108
104
129
118
121
117
136
119
120
105
122
112
98
102
112
109
108
120
113
135
114
113
106
118
121
118
131
146
146
141
137
126
125
119
116
105
137
124
113
130
122
106
128
120
136
116
114
118
130
138
149
140
129
144
125
124
113
129
124
127
127
113
110
114
130
115
112
118
136
125
155
136
126
121
113
121
121
103
106
126
117
119
120
96
128
134
135
115
133
103
133
127
139
121
133
135
144
112
127
114
131
150
120
124
118
124
115
137
153
115
133
116
131
125
122
113
126
125
146
150
116
144
140
113
114
124
148
110
143
134
135
127
121
126
132
127
124
125
123
110
131
127
133
120
114
119
105
117
121
107
110
117
106
115
94
94
104
98
103
85
85
83
116
91
93
102
85
126
83
101
111
82
99
106
89
101
100
109
77
96
89
104
92
88
116
101
104
95
95
87
102
89
83
106
98
84
94
112
101
84
95
97
96
80
92
89
87
95
70
100
96
77
82
96
72
105
93
111
99
80
84
81
74
79
96
82
79
101
88
99
101
77
92
89
87
85
81
80
93
87
86
87
89
107
94
97
84
78
94
76
73
95
94
79
79
76
94
73
77
87
96
102
80
76
73
102
101
84
99
77
100
76
93
88
73
83
94
77
73
69
79
94
62
98
79
74
74
75
78
82
74
77
82
86
77
65
64
85
81
93
71
80
90
72
74
90
73
65
85
65
68
65
63
73
91
77
74
69
73
85
75
83
66
70
85
80
65
77
89
75
79
73
74
64
69
70
59
76
68
70
64
82
66
58
66
77
60
68
69
63
83
49
64
86
55
66
70
61
73
71
61
72
60
67
65
77
62
62
73
56
76
70
68
50
50
57
64
68
60
49
63
46
62
65
61
64
75
43
63
46
49
46
65
54
53
56
68
63
51
56
47
54
51
49
60
55
55
49
50
56
70
42
50
44
58
55
45
59
58
43
60
60
57
64
61
49
45
60
61
47
42
55
56
67
69
70
79
85
86
96
115
81
76
73
61
69
40
40
41
42
47
65
46
44
40
47
58
51
44
62
50
49
41
48
33
47
48
51
58
52
49
39
45
46
50
43
50
49
41
47
42
55
56
45
54
34
45
47
48
50
57
61
43
34
51
39
47
55
57
48
44
45
46
48
37
47
51
36
38
55
50
48
50
59
46
44
53
39
55
63
41
42
41
39
45
37
42
46
45
47
71
57
47
25
44
43
43
51
48
47
44
47
23
41
37
43
40
45
50
53
46
47
44
44
49
41
55
45
48
43
60
52
51
44
44
46
52
50
57
47
41
35
45
45
50
43
46
42
51
39
54
49
51
51
39
38
64
34
36
51
34
38
52
44
36
44
45
31
45
39
45
49
46
46
49
45
41
46
40
46
48
46
48
39
51
41
39
48
48
50
36
36
46
37
44
40
46
54
49
42
43
43
40
45
51
43
37
44
48
44
35
43
44
51
42
44
40
50
43
53
41
38
43
49
56
52
37
55
49
50
50
50
55
55
64
53
84
154
260
498
1017
1851
2928
4365
5613
6389
6102
5228
3615
2269
1311
541
253
105
69
42
45
41
46
45
38
42
50
31
44
41
42
37
36
39
43
39
30
39
39
42
37
47
39
37
45
44
40
34
41
50
35
41
31
37
43
38
40
22
43
44
29
40
38
38
41
29
36
34
34
45
35
39
34
41
37
44
36
35
27
45
36
42
42
41
52
59
71
65
57
61
56
51
62
43
49
44
32
33
45
47
36
40
42
30
38
35
40
38
44
51
38
29
42
36
39
25
36
35
33
33
45
29
43
42
39
49
31
41
37
40
41
34
37
42
52
56
60
55
54
56
34
51
28
39
32
50
39
41
33
39
41
52
35
46
30
40
29
52
31
30
41
41
47
32
30
32
32
37
48
33
53
35
37
40
36
51
28
39
57
38
42
37
35
34
33
38
42
39
41
29
45
36
34
56
56
35
29
36
34
37
45
48
48
34
45
45
34
38
34
39
37
42
43
36
43
44
44
49
35
33
41
42
51
26
35
33
39
42
35
41
36
37
33
37
31
37
38
32
38
59
40
37
40
43
39
39
30
33
35
34
40
52
34
53
30
34
41
31
39
43
31
28
39
38
46
34
43
37
32
39
43
42
44
42
27
50
39
39
38
38
34
35
36
39
33
42
35
47
28
29
38
41
23
40
36
32
40
50
68
49
32
61
53
43
74
89
105
141
167
251
285
343
367
370
353
278
245
223
152
108
86
63
55
58
51
54
57
46
40
50
50
48
40
42
52
46
40
48
52
40
38
60
36
47
55
54
50
34
47
36
51
41
35
47
42
39
47
46
45
48
55
47
47
42
35
55
45
38
44
34
43
41
51
45
49
45
37
41
58
44
48
47
44
40
52
27
43
52
46
45
56
46
45
49
40
47
48
53
52
52
43
52
48
42
44
48
49
44
43
58
51
63
53
30
56
31
41
46
52
49
50
56
36
43
48
43
50
41
61
48
48
52
53
54
53
42
50
50
49
43
43
47
42
38
45
40
43
47
52
51
51
32
64
46
54
51
56
42
43
51
44
49
47
47
49
45
47
45
47
50
58
32
44
44
61
38
53
37
40
46
50
55
38
56
55
47
54
41
38
46
44
38
47
53
39
53
46
46
54
33
48
56
54
37
39
64
39
36
35
50
52
54
48
44
58
40
40
45
50
58
40
64
38
55
52
40
48
44
39
49
31
55
45
53
45
41
53
37
53
50
48
40
63
40
49
49
46
44
46
39
46
55
48
46
46
53
46
51
54
48
44
66
36
47
47
38
44
57
46
44
48
62
43
50
42
44
44
49
39
38
54
41
43
52
57
54
41
40
44
49
39
50
50
44
43
49
47
44
52
41
46
55
53
47
52
42
44
42
52
47
38
50
50
48
57
48
39
50
48
36
42
50
41
40
48
51
48
47
57
40
43
42
47
43
47
45
54
42
37
51
48
44
42
40
45
49
39
58
37
39
45
60
42
51
43
41
49
47
55
56
53
50
49
54
58
63
40
49
55
51
48
55
54
49
53
55
37
56
47
53
40
59
47
46
59
44
50
55
53
49
53
57
47
50
44
46
42
44
44
48
56
50
44
39
52
45
57
51
54
37
51
50
52
59
54
55
57
58
72
58
47
48
53
50
55
49
55
46
50
60
40
58
53
42
51
56
57
65
44
73
61
60
61
56
61
48
50
62
57
50
52
48
44
67
55
63
48
45
49
60
58
59
63
52
59
56
56
46
45
63
61
42
60
54
57
47
51
51
53
54
40
52
57
57
57
61
57
65
57
77
82
62
77
71
69
75
70
62
63
64
47
36
63
52
50
46
55
55
45
61
54
65
49
60
51
55
38
62
57
46
60
61
56
35
57
59
53
57
62
58
57
50
58
49
59
48
64
62
50
56
49
50
43
69
51
49
76
47
47
60
48
66
53
59
71
56
48
52
61
53
45
56
59
45
51
56
56
50
52
53
57
58
53
57
52
47
60
48
75
54
45
69
56
66
55
59
45
61
69
40
66
59
46
64
57
56
63
60
57
57
64
63
62
56
57
45
49
68
65
58
63
65
66
68
70
65
69
49
48
43
82
57
71
60
54
69
51
59
64
67
51
65
65
46
60
71
59
63
51
53
66
45
52
53
59
51
61
58
59
47
64
53
58
56
61
50
57
68
85
73
106
185
219
288
364
411
409
361
298
217
149
93
66
53
57
51
38
49
35
33
41
48
45
44
56
42
42
31
36
31
39
38
38
45
38
45
42
39
38
52
47
32
32
29
50
40
49
48
44
37
36
36
38
37
41
39
37
45
41
39
50
39
34
27
40
47
33
54
39
29
43
35
39
42
37
37
27
29
41
37
45
36
31
46
37
37
37
34
39
26
38
40
47
41
38
44
45
40
44
37
29
35
35
40
35
43
36
36
35
22
30
30
38
37
35
29
39
22
36
37
39
54
28
35
53
29
55
38
31
28
37
36
36
28
27
30
33
22
35
32
26
24
28
36
31
31
29
25
42
33
32
26
31
33
24
42
34
30
31
34
27
41
31
22
34
23
21
30
30
41
29
39
27
29
19
29
38
31
40
30
28
32
35
46
25
24
24
27
24
23
29
30
38
25
21
23
27
26
26
16
22
24
26
23
30
22
26
18
24
18
27
25
21
25
31
16
33
32
24
22
28
18
18
22
23
19
26
21
25
27
27
24
24
12
26
20
14
14
24
19
21
25
25
20
19
17
24
21
21
19
20
18
26
24
18
24
23
17
28
24
17
22
17
24
13
19
25
21
9
20
19
20
16
14
9
14
16
14
20
17
23
18
18
16
16
23
18
17
18
10
18
19
17
20
14
22
14
15
16
15
12
12
15
15
15
11
14
9
16
24
19
29
29
65
87
113
197
250
317
348
369
323
261
179
104
58
28
24
10
12
8
17
13
11
11
12
9
7
8
6
19
10
15
15
12
6
4
9
12
17
15
10
17
7
15
14
13
17
13
12
6
7
8
14
8
8
10
13
11
12
8
9
11
9
8
11
8
9
9
11
5
11
7
11
9
5
11
8
6
11
14
9
7
8
8
8
16
12
9
8
15
8
13
11
10
5
13
5
9
14
11
5
13
10
16
13
6
9
14
10
16
18
10
8
4
11
6
10
13
6
15
15
5
10
10
12
14
11
11
14
11
9
7
11
12
9
5
4
6
13
10
3
9
12
10
11
11
7
7
11
15
11
9
9
9
15
11
5
6
11
11
17
11
10
8
10
13
7
10
9
11
6
10
11
5
5
8
9
7
14
10
12
6
5
7
10
7
14
14
9
9
13
9
13
8
10
11
15
8
6
8
7
9
14
9
13
10
8
4
3
9
9
10
11
8
15
12
13
11
7
7
14
14
13
29
41
83
150
287
441
787
1329
1834
2319
2768
2889
2768
2229
1616
1039
599
314
141
51
24
10
7
9
6
8
3
7
8
6
9
8
4
11
6
1
6
3
1
6
9
5
6
5
5
12
2
7
5
9
10
6
8
6
1
2
6
6
4
4
2
10
5
3
8
4
7
4
8
7
4
6
8
5
5
3
4
3
8
5
2
6
3
8
4
2
4
6
5
7
4
5
5
10
5
4
7
5
8
6
1
5
3
4
7
5
2
4
10
9
2
6
4
2
5
6
5
6
7
1
5
3
2
3
5
4
5
2
3
1
3
5
3
3
3
5
3
3
4
4
9
4
4
1
3
3
3
3
2
2
5
8
1
6
2
4
7
1
3
2
4
5
4
1
9
6
4
5
6
4
3
2
4
3
5
6
6
5
2
9
6
5
3
3
4
2
3
4
4
1
6
5
4
3
7
6
6
4
3
5
1
2
4
10
3
4
3
5
3
5
5
6
4
7
7
3
4
5
1
3
9
4
1
7
7
5
4
5
5
2
3
2
0
1
6
2
3
6
4
2
3
3
6
1
5
5
2
1
6
3
6
7
8
12
17
12
14
15
4
8
9
6
6
4
5
4
3
4
1
3
2
4
6
7
5
4
4
2
3
3
6
8
1
2
2
1
5
5
2
7
1
5
7
6
4
5
6
4
3
1
2
3
4
1
2
1
9
2
0
2
5
3
7
3
7
2
2
2
6
3
2
2
3
2
7
4
3
3
2
2
1
4
1
3
3
4
2
3
3
1
2
2
2
5
3
5
2
3
5
4
2
4
1
2
1
4
3
0
3
3
2
4
4
2
4
4
3
3
1
3
2
2
2
1
4
3
1
2
3
3
1
2
1
2
4
3
1
1
0
6
1
4
2
6
3
1
6
1
3
0
3
1
2
1
2
2
4
3
4
1
2
4
3
2
2
1
5
0
1
2
3
3
1
1
5
0
3
2
2
3
1
2
2
6
1
0
3
3
3
0
1
1
1
1
3
1
1
2
2
2
1
4
2
2
1
7
4
3
2
2
2
2
2
3
3
2
1
5
2
1
1
4
3
5
5
2
6
1
0
7
6
5
4
13
12
24
42
55
75
117
143
148
155
109
86
65
40
24
12
5
1
2
4
5
2
1
4
2
3
2
2
6
1
3
1
2
4
4
2
0
1
1
5
0
0
3
4
2
0
2
2
1
1
1
2
3
4
2
1
4
2
4
2
3
2
1
2
3
2
5
3
1
4
4
4
2
2
4
0
1
1
2
0
1
2
4
0
2
2
2
3
2
2
1
2
3
2
1
1
1
1
1
5
2
3
5
2
1
2
2
2
5
3
2
2
2
4
4
8
4
1
2
0
4
3
2
2
2
1
1
0
4
4
4
0
1
2
1
3
4
1
0
1
4
2
3
1
1
1
2
2
1
2
2
1
0
1
3
1
0
1
1
5
2
0
2
3
0
4
1
1
0
4
0
0
4
2
1
2
2
0
1
0
5
3
3
1
1
3
4
2
2
4
2
6
1
1
0
1
1
3
1
1
4
0
2
2
1
0
3
0
1
1
1
1
1
5
0
5
4
1
3
1
3
0
1
2
1
1
0
2
5
0
1
3
1
1
2
1
1
1
2
2
1
4
1
4
2
5
2
3
1
3
4
2
2
2
0
0
2
0
0
2
4
1
3
3
5
5
2
2
1
3
3
3
2
0
1
1
3
0
8
2
5
2
1
2
1
1
2
4
3
3
5
8
9
13
33
28
46
52
66
64
73
54
42
20
12
13
3
3
3
3
7
2
1
1
4
2
1
3
5
1
1
2
1
6
1
3
1
1
0
1
0
4
2
1
3
4
2
4
2
2
5
1
6
3
1
0
1
2
4
0
1
2
1
0
0
4
1
1
1
3
3
2
4
3
0
2
2
2
1
3
3
3
2
5
1
1
2
2
2
0
0
4
2
0
4
2
2
2
3
4
0
4
1
5
3
0
3
2
0
1
1
0
0
1
4
1
4
0
3
2
3
2
1
2
3
1
0
1
5
2
3
1
3
2
0
2
3
3
1
3
0
0
4
0
2
2
0
4
3
3
2
1
3
2
0
0
1
1
0
1
1
0
1
1
1
0
1
1
0
3
2
1
3
1
0
2
1
0
2
0
2
0
1
0
1
0
4
1
2
1
1
1
1
1
3
0
2
0
1
2
1
2
1
2
0
4
1
1
2
2
2
1
1
0
0
0
3
0
3
1
2
2
2
3
6
1
2
0
0
1
2
4
4
0
1
4
4
2
1
2
2
2
4
3
1
3
0
4
1
2
0
3
2
1
1
1
3
0
2
0
4
1
2
2
2
0
0
0
2
1
2
0
3
1
1
3
3
0
2
5
2
1
3
0
2
2
2
2
0
0
2
1
1
1
1
3
0
2
0
2
3
2
2
1
0
0
1
1
1
0
1
2
0
0
0
1
1
1
0
2
1
1
1
3
2
0
0
0
2
4
1
2
2
2
3
0
2
1
1
1
1
0
0
4
0
1
1
2
0
0
3
2
1
1
0
0
1
2
2
3
1
2
4
1
0
2
2
3
1
2
0
2
1
0
2
0
0
0
0
2
0
3
1
0
0
2
3
1
2
0
1
2
2
0
2
5
0
0
2
1
1
3
1
1
0
0
0
1
1
1
2
3
2
2
2
0
2
1
1
2
0
0
0
2
3
1
1
0
1
0
0
0
1
0
2
0
4
2
1
2
0
0
0
0
0
0
1
2
1
1
0
6
3
2
1
0
1
0
0
1
0
1
1
2
1
1
2
2
2
0
2
3
0
0
1
3
1
4
0
1
1
1
1
0
0
1
4
2
0
1
0
4
0
1
1
1
2
1
0
1
1
0
0
2
0
0
5
1
0
0
2
1
4
2
0
1
1
1
0
2
3
1
2
0
1
1
1
0
0
1
1
3
0
1
2
1
1
0
0
5
1
1
1
2
1
3
3
3
1
2
1
0
0
0
2
0
2
1
0
0
1
2
0
2
1
1
0
1
0
1
1
2
1
1
1
0
0
1
2
1
1
0
0
1
1
2
0
0
1
0
1
0
0
0
0
2
1
0
2
0
0
2
0
2
1
3
2
0
1
3
0
2
1
2
1
1
2
0
2
2
0
0
2
0
3
1
2
2
0
1
1
0
1
0
1
2
0
1
3
3
5
0
0
1
3
3
0
3
0
2
0
0
1
1
0
1
0
0
1
0
2
0
2
4
0
4
4
7
14
14
18
26
41
29
55
65
38
42
32
12
15
6
3
0
0
0
1
1
0
0
0
2
0
0
0
0
1
2
0
1
1
3
1
0
0
2
2
4
1
1
1
0
1
0
0
1
0
1
2
1
0
0
1
1
2
0
2
5
0
0
1
0
0
1
0
1
0
0
1
2
2
1
1
3
0
1
1
1
1
3
0
2
0
2
1
2
0
1
0
1
0
0
3
1
1
1
1
0
0
1
0
0
1
0
1
1
1
4
2
0
5
0
0
1
0
0
1
2
0
2
0
1
1
0
1
1
1
2
0
2
3
0
0
2
0
1
0
0
0
0
0
2
1
1
3
2
0
2
0
0
1
0
4
2
2
0
1
0
1
1
2
0
0
1
0
0
3
2
2
0
0
1
0
0
0
1
1
1
0
0
1
1
1
1
2
2
0
0
0
0
2
0
0
0
2
0
1
0
0
0
1
2
2
0
0
3
1
1
2
1
0
3
2
2
0
2
1
1
0
0
0
2
1
3
2
1
0
1
1
1
1
0
0
0
0
1
1
1
0
1
0
3
0
0
0
3
2
2
1
1
1
1
1
2
0
1
0
1
1
0
2
3
2
0
1
1
0
0
3
0
1
1
0
0
1
3
1
0
0
2
0
0
0
1
0
0
0
0
1
1
0
1
0
0
0
0
3
2
3
1
0
0
2
1
2
2
2
0
0
1
1
0
1
2
0
4
1
0
0
1
1
0
0
0
0
0
1
0
0
1
2
0
1
1
1
9
