Nom du fichier: D060D3_2K.Chn
Date: 13Feb131
Heure: 105347
Temps réel (s): 869.28
Temps vivant (s): 813.98
Dead time: 6,36 %
Offset des données: 0
Longueur des données: 8192
Coefficients de calibration énergie: -1.0710616, 0.4293532, 0.0
Coefficients FWHM: 3.8337736, 8.2997483E-4, 3.6484817E-30
Coefficients de forme des pics: 7.934235E-39, 0.0, 0.0
Description du détecteur: MCB 129
Description de l'échantillon: 

Données du spectre (entiers):
0
0
0
0
0
0
0
0
0
0
0
0
0
0
0
0
0
0
0
0
0
0
0
0
32
777
850
815
814
754
789
730
763
756
688
695
657
688
707
668
613
677
612
598
613
583
606
586
562
593
536
562
580
578
524
519
557
524
552
573
557
548
500
532
509
497
480
513
492
489
472
490
454
512
486
472
490
499
454
479
464
485
492
417
407
459
472
443
431
432
431
424
439
435
437
418
443
459
423
417
429
444
432
411
430
436
418
417
420
446
416
410
406
426
378
423
379
413
397
411
432
398
406
454
398
430
451
447
446
426
428
444
455
415
442
438
424
425
448
436
449
462
463
412
452
444
454
474
505
427
426
455
482
473
467
453
448
438
446
466
484
493
460
447
444
477
434
463
479
474
457
487
511
559
539
478
519
458
488
458
441
488
482
517
496
514
453
451
490
467
450
494
495
480
508
447
482
506
506
513
463
471
505
562
440
482
537
507
482
458
459
498
454
464
461
504
509
492
525
534
580
576
519
506
484
517
478
488
467
476
507
497
453
432
500
521
497
497
502
489
510
528
477
507
476
475
476
469
474
481
460
502
463
498
499
499
450
476
485
492
446
500
479
465
469
474
504
472
502
497
500
473
503
460
487
462
445
523
478
503
554
480
470
500
524
521
474
479
473
447
457
493
488
476
488
488
495
462
475
488
538
490
449
507
512
470
515
485
489
464
531
495
472
509
476
492
485
523
484
489
497
521
496
493
486
501
496
496
503
445
481
489
467
487
488
502
461
448
483
474
500
459
492
460
491
496
481
483
472
526
480
454
427
469
477
454
476
465
483
449
441
459
486
490
411
455
465
462
469
467
465
479
464
446
488
460
450
446
453
437
462
437
484
471
482
535
583
582
511
495
469
438
425
486
503
458
482
473
471
454
482
445
435
432
439
447
493
439
455
451
480
477
435
433
446
454
420
469
482
420
454
452
474
511
425
425
448
483
451
429
446
467
456
449
452
442
451
436
439
458
441
437
430
463
433
463
478
457
433
433
425
424
459
426
421
419
464
467
453
416
444
466
457
401
444
465
419
441
437
460
422
435
449
407
447
456
433
398
454
432
464
473
465
466
441
450
473
469
427
454
404
426
481
436
418
470
426
479
475
464
465
419
437
485
446
453
412
475
472
435
447
443
447
515
477
439
481
473
475
515
492
494
514
487
508
478
504
479
512
562
538
552
544
529
507
525
534
507
531
495
527
567
545
468
531
516
525
503
486
533
489
535
523
543
536
518
487
481
511
515
527
497
492
528
486
481
517
497
447
490
534
513
465
501
504
493
469
487
490
498
486
499
470
461
447
463
489
487
435
420
461
443
451
464
430
489
465
404
490
479
460
416
422
429
435
447
413
428
399
434
407
430
466
423
407
419
410
393
388
396
416
393
375
414
394
397
399
421
404
369
423
429
405
386
373
385
374
397
398
372
392
361
378
386
395
390
392
354
375
341
412
385
357
383
370
358
370
394
373
358
360
341
369
344
366
342
338
375
372
341
379
392
357
358
343
359
384
346
333
346
353
389
341
349
345
361
383
344
360
349
368
350
344
342
316
360
399
338
338
345
355
369
363
339
364
346
322
360
335
350
334
368
329
362
356
332
340
331
373
309
352
305
332
333
321
357
340
354
347
328
322
382
370
329
357
347
352
348
332
341
338
352
374
429
537
609
640
597
473
400
376
340
347
333
316
300
318
320
345
365
306
324
299
332
353
359
314
329
311
336
328
367
360
364
329
329
334
333
313
324
340
310
342
330
341
333
278
334
316
302
342
339
359
336
333
305
356
327
319
336
320
352
351
309
329
318
332
351
332
300
354
351
318
294
327
306
295
320
305
324
312
307
338
328
295
288
309
314
289
293
290
286
294
278
330
327
298
287
282
282
312
267
328
311
328
300
296
273
272
272
323
268
328
270
303
312
300
319
275
272
327
289
290
308
293
270
338
324
308
285
288
280
273
292
253
264
330
310
276
291
301
244
283
293
285
294
306
327
302
307
277
306
314
280
279
286
277
268
303
273
263
276
287
302
308
274
294
305
294
250
296
314
279
283
264
310
249
269
276
266
302
259
280
279
294
270
283
266
274
300
283
305
320
292
265
252
267
272
282
263
251
278
286
294
267
245
301
278
277
265
249
276
249
260
279
275
259
274
267
249
246
276
277
288
240
277
251
258
256
269
275
261
221
281
279
254
290
285
224
274
247
285
271
249
244
244
269
257
250
283
265
280
257
274
267
265
273
269
285
273
251
271
269
278
249
272
277
251
267
240
256
226
257
254
273
230
267
241
251
261
255
247
270
225
279
298
244
249
251
263
278
282
281
242
237
253
261
245
242
274
268
240
247
244
243
263
275
243
270
266
237
250
230
276
239
237
267
229
246
252
252
258
259
259
256
283
246
229
249
247
252
267
247
216
241
216
246
240
232
250
222
220
228
260
243
262
261
248
241
229
223
244
256
261
231
246
247
218
212
226
245
250
222
224
234
226
240
208
255
215
237
216
258
268
235
250
208
239
250
237
227
233
253
230
234
283
258
218
237
257
238
242
246
242
267
221
231
210
243
243
232
236
239
249
263
231
216
226
200
237
224
226
226
245
258
263
252
202
249
245
233
244
233
219
255
250
243
231
244
229
229
237
230
245
238
235
263
251
255
215
215
260
280
294
332
348
456
626
764
891
925
1016
963
804
661
532
407
357
305
238
230
233
245
265
214
227
256
207
211
236
228
240
244
233
218
247
222
221
255
235
212
226
230
208
223
210
224
257
248
191
217
214
247
209
217
238
224
213
212
241
215
231
235
243
196
256
228
217
227
215
225
221
226
254
213
183
234
237
215
231
228
218
217
221
287
223
217
212
244
237
216
215
242
225
251
222
216
230
217
215
245
218
213
227
216
201
224
212
183
218
241
240
207
213
207
243
213
209
228
251
213
253
251
237
206
229
212
246
226
215
210
235
219
217
237
197
219
215
202
207
233
253
210
216
189
210
230
228
217
237
234
210
236
216
227
232
226
212
228
234
235
208
210
223
224
229
219
227
206
206
239
213
232
231
219
225
237
246
208
241
255
230
249
239
222
219
251
210
253
191
238
225
190
248
238
214
255
234
220
212
221
228
234
237
245
234
225
216
229
241
233
235
229
217
245
273
236
227
223
240
241
233
221
237
211
213
264
222
237
226
243
228
222
224
257
224
214
257
248
278
255
243
238
244
230
225
220
236
236
249
234
232
234
244
281
244
291
306
330
283
289
264
241
244
255
242
243
221
223
244
228
250
253
242
260
281
235
262
249
224
264
226
233
226
231
234
238
219
237
262
236
270
243
232
236
261
223
254
243
221
268
260
244
252
238
255
249
234
261
260
255
242
243
227
251
242
258
231
223
256
239
221
215
242
216
240
239
254
221
289
234
229
257
233
228
228
239
205
231
196
231
236
201
197
216
228
226
227
218
208
212
219
244
202
194
190
220
210
198
184
216
191
179
229
205
203
195
204
211
183
199
206
218
196
230
210
213
206
201
186
201
199
209
208
189
207
186
182
195
177
213
223
207
202
215
176
195
185
200
195
199
200
205
183
192
201
202
176
205
193
220
180
176
204
187
159
183
161
191
182
179
193
201
181
211
217
185
154
161
180
198
202
194
218
179
180
175
185
181
186
161
210
176
175
167
187
167
177
185
176
192
187
198
172
187
191
196
145
174
161
197
196
172
171
199
167
183
186
184
181
169
192
175
167
187
167
163
189
179
179
163
202
169
188
197
189
176
178
186
195
198
159
168
192
188
181
162
171
158
162
156
160
177
147
166
162
161
173
178
185
167
173
175
163
197
172
165
156
164
163
150
152
176
149
154
149
193
154
148
161
188
182
169
161
152
177
146
161
188
158
152
152
166
173
169
180
183
168
152
183
161
179
175
152
140
204
143
159
153
173
163
148
143
180
142
160
161
159
153
174
178
138
182
130
142
176
153
144
168
193
223
285
309
377
411
406
373
304
258
220
213
173
161
158
147
165
155
184
151
161
137
139
148
163
155
174
184
166
157
183
155
155
147
168
151
164
168
145
149
153
155
178
197
163
173
186
179
168
176
173
170
169
151
145
183
168
170
150
182
178
162
162
149
177
148
164
144
150
143
158
168
153
152
143
169
174
169
179
200
178
165
180
161
162
164
142
153
182
168
161
167
168
169
167
189
170
174
164
144
156
183
162
165
165
163
170
175
149
155
163
159
148
151
160
145
151
176
179
167
164
167
180
158
174
155
151
164
157
162
156
180
167
161
163
183
155
158
153
173
177
190
153
153
160
144
162
181
159
168
163
176
167
140
171
151
152
149
146
142
148
159
151
170
180
152
168
167
162
160
142
184
149
180
143
137
171
179
170
159
141
187
147
154
203
166
173
142
160
164
168
163
164
185
148
159
162
185
153
199
163
198
205
252
394
551
788
1086
1186
1194
1226
1653
2667
4238
5625
5910
4957
3509
2023
1021
536
309
230
178
172
143
130
155
145
141
163
168
158
152
157
175
169
160
165
159
167
162
162
164
135
153
154
168
170
159
148
169
127
156
135
165
142
133
129
155
168
148
162
169
149
142
164
140
159
146
147
143
146
166
170
170
143
158
152
159
146
120
157
165
138
152
151
155
161
160
156
148
137
158
162
136
147
156
156
147
148
155
148
153
142
155
144
161
149
123
139
160
139
141
139
152
155
172
137
152
147
155
143
166
150
156
168
154
173
154
150
153
159
162
139
169
156
150
171
169
161
146
140
137
154
151
133
148
158
162
155
180
150
159
147
159
156
161
154
153
145
170
134
152
144
150
163
147
146
179
166
155
150
142
165
154
142
173
177
147
149
166
173
164
165
150
155
160
157
167
169
152
165
167
184
157
178
160
171
142
142
180
139
188
161
156
140
176
165
151
167
152
165
139
143
170
151
170
180
152
177
172
144
143
154
166
170
153
175
172
159
166
150
166
162
164
161
161
160
165
156
150
151
187
158
142
165
170
159
158
175
154
178
159
158
150
161
167
152
166
179
140
158
181
154
170
163
158
174
145
165
161
156
168
160
151
175
150
171
183
179
142
167
147
157
173
172
194
176
175
161
158
160
172
141
149
159
145
145
169
147
148
150
168
136
159
151
168
157
175
180
174
176
167
174
144
132
152
145
156
156
162
191
150
164
160
166
153
155
151
176
148
162
173
163
157
190
173
159
159
161
153
175
152
173
166
151
156
178
165
164
167
166
178
156
165
157
181
163
166
170
163
172
173
166
173
180
160
145
168
148
162
168
160
179
166
175
184
191
153
155
153
168
170
156
176
151
168
169
154
171
196
176
158
157
189
183
156
167
193
212
195
255
309
422
444
518
411
352
285
222
193
196
195
189
158
175
175
176
184
146
165
178
184
187
194
171
170
155
171
159
167
191
181
172
173
165
166
150
169
172
162
184
181
190
174
192
144
162
166
185
178
178
167
186
186
167
177
175
175
183
199
173
200
184
196
176
216
198
188
176
189
166
178
174
193
181
169
160
188
167
163
177
179
190
158
170
179
189
172
181
154
173
189
169
156
152
185
181
180
215
178
190
196
172
167
183
182
183
183
174
167
190
175
184
176
164
175
199
161
176
202
192
191
196
178
159
194
185
201
193
165
170
158
193
155
185
195
192
174
165
175
174
214
156
180
190
179
168
178
180
169
153
174
193
177
172
176
205
162
176
188
161
166
179
193
181
193
200
194
182
181
178
165
177
185
168
183
196
190
181
176
182
212
175
189
181
185
189
173
177
157
183
175
181
197
168
183
184
190
194
184
165
167
193
173
189
176
183
200
171
194
163
163
181
174
189
193
183
178
191
187
183
195
187
171
157
201
201
175
194
195
192
188
173
168
182
184
183
187
179
198
177
188
171
201
194
209
213
189
198
175
203
211
189
188
186
166
175
177
176
180
165
177
173
174
190
174
190
194
183
178
162
186
209
185
175
192
201
183
163
165
174
199
191
184
166
214
182
194
185
195
175
190
178
172
176
181
158
169
200
212
200
189
175
181
192
185
219
170
162
166
183
183
197
209
174
195
194
179
198
160
211
205
185
175
204
175
190
177
183
206
176
193
192
168
183
176
180
180
168
180
199
190
166
160
181
180
175
162
172
191
163
197
168
169
184
205
159
171
152
164
188
183
183
169
162
149
178
187
187
170
186
197
168
201
176
172
169
170
166
174
170
204
166
161
192
164
180
187
188
166
157
176
156
197
173
169
161
158
197
191
209
181
186
181
186
165
166
195
176
165
152
166
197
171
171
184
186
201
180
188
161
182
208
168
181
204
173
166
156
193
184
161
150
181
184
185
177
176
198
172
173
159
183
170
193
162
191
197
197
182
179
182
173
166
192
188
185
196
193
186
170
172
212
184
174
188
161
193
157
174
166
162
170
179
167
178
178
160
173
163
171
174
172
182
198
153
160
167
190
170
177
172
164
168
169
159
168
208
197
161
167
168
182
156
163
184
169
176
171
191
186
169
164
210
164
175
178
176
159
182
173
168
190
191
173
171
184
187
200
181
180
172
184
173
167
160
190
187
147
195
158
196
190
167
181
177
166
207
171
166
202
189
189
193
168
189
182
167
170
210
185
186
193
164
173
160
180
192
187
165
174
196
173
165
162
164
204
205
165
179
181
163
175
186
199
185
217
206
216
303
331
398
491
571
614
656
661
600
494
391
406
312
287
374
449
584
729
962
960
850
631
471
345
234
205
180
183
191
198
191
185
185
192
169
206
186
193
191
173
204
191
169
177
174
164
188
206
184
193
198
173
186
186
189
166
170
194
179
206
211
231
266
321
393
440
498
464
390
270
247
202
188
188
192
201
187
184
192
192
199
195
231
211
187
199
200
169
208
171
211
194
199
181
169
188
181
186
172
202
206
169
202
180
182
185
183
179
203
182
202
200
199
202
190
177
180
218
171
178
208
197
216
187
190
190
201
203
162
183
202
197
190
184
202
198
217
196
198
192
212
196
206
172
211
200
184
200
195
198
159
229
203
195
186
173
180
211
194
217
175
225
199
172
194
199
188
180
172
202
209
210
212
213
196
186
192
205
182
208
202
200
204
192
191
175
189
209
194
215
211
196
212
185
207
241
195
224
197
204
191
210
199
192
215
192
202
205
214
195
198
199
235
197
218
225
186
218
215
206
210
195
218
203
225
222
229
206
187
199
211
215
199
214
261
318
499
812
1145
1803
2219
2223
1967
1536
1034
601
380
282
226
222
205
218
215
189
227
221
215
205
199
216
204
250
194
213
201
198
196
218
187
207
226
198
194
199
212
195
216
189
196
205
207
212
239
197
215
224
210
199
204
214
227
208
193
217
203
232
196
236
215
206
210
228
220
228
222
237
261
215
225
216
216
231
214
218
216
203
211
229
225
251
206
223
220
227
225
233
221
245
219
224
214
228
221
215
241
248
217
218
248
227
246
218
216
244
237
237
224
227
207
227
256
254
228
217
237
221
244
245
225
231
212
223
229
243
235
240
255
211
238
241
246
237
241
239
269
224
249
229
247
250
251
240
249
250
260
276
220
278
302
377
476
604
751
820
842
723
615
488
381
292
300
265
239
245
290
266
245
259
254
243
265
244
281
244
238
261
256
256
232
278
238
260
241
248
257
249
229
233
250
252
263
251
242
245
254
284
259
266
263
288
264
259
210
284
285
270
246
276
259
289
266
238
227
273
271
249
256
262
255
281
281
269
281
269
301
260
237
276
248
262
264
285
247
287
282
303
276
266
278
267
266
255
274
256
284
285
250
293
286
291
283
274
311
283
297
256
304
267
294
279
278
286
287
288
291
277
310
294
272
297
309
271
281
327
290
314
287
310
307
283
305
282
312
312
289
291
311
299
296
285
284
286
290
314
332
275
325
324
294
321
308
325
342
304
305
327
311
308
321
293
306
336
292
307
349
319
316
310
307
307
313
304
324
336
346
323
339
320
335
329
318
336
321
335
342
345
359
318
333
391
339
321
327
339
338
311
345
339
353
305
330
349
337
359
334
347
328
305
339
366
365
377
398
444
469
457
455
445
406
382
382
364
358
347
360
371
369
339
372
365
380
371
310
383
382
365
346
376
344
376
349
370
375
337
376
379
371
378
350
402
360
378
384
383
360
370
379
367
427
382
378
352
403
416
353
397
346
348
378
365
373
375
407
365
382
361
369
363
353
419
332
318
336
332
322
372
318
342
338
309
294
281
304
270
286
290
297
274
281
277
264
294
286
283
271
281
247
248
273
264
250
246
228
228
233
247
239
266
244
231
262
250
229
219
224
255
251
236
217
217
220
235
243
232
244
246
223
201
240
227
239
228
240
232
237
240
211
215
231
198
208
206
190
201
240
234
210
208
217
234
220
217
231
223
217
188
230
195
205
227
191
216
185
214
209
193
200
189
199
191
188
190
189
200
222
233
215
228
196
202
206
181
210
188
186
217
226
245
213
222
199
204
198
180
201
192
164
195
183
194
187
183
225
166
195
182
178
168
184
171
178
167
167
179
177
174
169
170
150
162
157
155
161
160
142
156
179
160
167
152
174
181
157
157
157
164
148
147
171
138
150
164
139
161
164
170
132
120
131
156
141
145
150
156
129
152
159
127
154
136
120
154
128
115
139
148
127
140
135
146
119
112
127
132
130
137
127
141
168
148
151
158
150
142
128
132
111
131
115
113
131
114
111
106
118
119
110
131
121
115
106
118
99
97
100
109
109
108
113
95
111
116
116
100
104
82
100
78
101
101
104
94
88
86
94
80
107
86
102
97
89
81
82
84
84
78
84
95
83
79
86
72
76
85
61
74
75
85
94
74
66
66
73
65
84
70
57
66
73
78
70
68
76
62
56
64
61
62
59
52
53
75
65
79
68
64
71
65
52
66
59
62
51
46
47
50
62
57
58
59
53
63
58
57
51
50
67
58
49
48
48
51
53
46
48
41
43
57
45
45
53
57
55
49
58
50
49
43
54
54
46
51
53
43
43
40
50
51
40
41
37
43
59
55
50
54
53
46
35
66
46
51
54
37
46
42
41
49
40
38
54
45
53
45
39
40
47
50
44
42
51
44
37
41
41
61
52
42
47
46
45
56
50
36
53
42
45
48
47
45
46
46
45
48
55
66
78
88
111
115
104
77
83
53
43
46
40
51
40
41
48
43
33
40
44
40
36
37
35
40
42
40
44
47
55
44
40
52
46
36
41
33
42
32
49
49
35
44
33
37
44
41
42
40
34
38
45
35
38
48
53
48
48
32
32
32
27
34
31
51
50
48
45
48
51
53
43
46
42
33
36
41
39
38
34
55
34
53
51
42
52
53
36
43
42
33
48
56
50
39
55
60
65
63
63
74
94
144
216
356
677
1334
2451
4417
7218
11424
15831
19579
21419
20228
16711
12247
7941
4601
2570
1232
559
266
127
81
52
47
33
22
22
26
16
12
23
16
21
25
14
23
19
18
13
15
15
20
20
19
16
16
14
13
21
14
13
16
26
17
24
18
15
21
18
12
14
14
21
21
5
16
14
12
20
10
17
15
19
19
22
28
31
52
70
115
259
381
555
714
768
773
546
421
279
130
62
48
14
26
19
13
18
11
18
11
17
11
14
13
13
10
10
15
16
17
12
10
13
12
14
11
7
15
17
12
11
18
13
9
14
16
10
14
10
12
9
15
20
14
14
12
9
11
9
10
14
15
14
11
17
12
14
13
16
15
16
13
11
17
16
8
15
10
14
18
10
10
15
17
12
13
16
17
23
14
15
12
15
19
15
17
18
23
16
14
16
12
13
14
20
14
19
16
12
9
12
14
15
12
13
13
13
18
15
13
14
16
16
24
8
22
17
13
20
13
17
23
11
14
13
17
12
21
13
18
25
13
12
15
17
14
15
15
14
17
14
9
16
19
19
18
13
18
18
16
13
15
15
11
13
18
17
9
12
11
17
16
12
20
15
14
10
13
12
18
21
18
17
10
14
16
15
9
12
15
14
12
11
23
8
14
15
11
10
10
5
15
17
17
15
16
12
10
16
16
4
12
15
13
16
13
14
12
19
19
10
10
18
11
10
12
24
11
18
15
9
17
14
17
16
6
13
20
23
18
11
14
19
11
12
10
13
15
11
17
8
13
14
9
14
13
10
7
20
8
19
15
14
16
15
11
14
8
7
14
14
11
17
9
9
10
14
15
7
9
12
12
18
9
7
11
15
9
18
9
8
11
12
11
13
13
8
10
12
8
13
13
17
8
12
17
11
11
6
9
7
11
11
12
13
10
14
9
14
11
8
10
13
18
14
9
11
8
10
15
8
7
8
16
14
10
16
13
10
8
10
11
10
12
6
6
19
12
12
7
14
12
15
11
18
6
9
11
10
9
8
15
11
10
12
9
14
12
12
12
7
9
10
13
8
11
11
7
11
13
7
13
11
11
12
11
12
8
7
10
15
11
8
10
4
11
11
8
14
5
11
18
4
12
7
13
10
12
7
16
10
12
11
14
13
6
15
9
7
11
6
10
14
14
10
8
10
11
13
19
10
15
13
11
17
11
13
11
11
14
11
17
7
13
10
12
8
6
8
9
11
15
9
14
9
6
12
12
15
11
6
12
10
10
9
16
16
14
10
14
10
13
13
16
17
17
12
12
15
10
5
4
10
7
12
15
13
13
9
12
15
9
6
8
7
13
9
12
14
11
9
11
14
8
12
14
12
17
16
24
27
35
30
30
17
22
18
7
6
11
7
15
21
9
11
12
8
8
9
12
11
14
11
15
3
12
10
14
10
4
15
8
8
15
9
7
8
6
7
10
8
8
9
14
11
9
17
13
4
6
7
11
9
9
8
8
7
9
14
9
10
8
10
7
7
13
7
11
12
14
11
14
23
10
15
14
11
11
16
16
17
19
16
17
13
8
9
8
10
10
10
16
12
11
9
4
13
11
15
12
12
19
12
11
14
10
16
11
5
12
12
15
10
6
8
11
14
13
8
7
9
10
12
7
9
11
10
8
10
8
9
13
11
9
9
18
9
10
8
10
9
13
9
7
9
5
13
3
13
11
14
12
5
13
12
13
8
10
8
7
9
11
10
10
19
8
14
12
10
9
9
9
9
12
7
6
8
4
11
10
14
9
9
11
11
11
13
9
14
11
8
21
24
27
68
92
163
222
292
341
359
310
246
155
99
51
31
24
13
13
14
16
15
6
8
12
12
11
9
7
13
9
11
16
12
17
9
8
11
10
13
11
9
9
10
13
7
9
15
10
14
12
8
8
11
12
9
11
7
8
6
11
9
9
7
13
14
7
13
12
12
9
11
7
10
8
12
6
12
13
9
13
8
14
16
13
10
5
8
7
6
11
7
8
10
11
10
9
10
11
12
11
7
8
12
7
7
9
5
9
8
16
10
12
9
6
5
4
8
12
8
8
3
10
9
10
5
14
10
13
15
17
21
29
39
32
40
46
38
28
22
13
20
15
11
9
10
5
17
9
9
7
9
9
10
11
12
9
13
11
12
6
9
11
14
5
9
9
13
4
14
17
9
13
7
9
11
12
11
11
11
5
8
11
10
7
7
13
10
5
12
7
7
8
7
11
9
13
7
11
8
8
15
10
12
6
8
11
11
12
6
6
8
13
5
12
14
11
20
13
8
12
15
11
13
14
6
8
9
6
11
9
4
10
14
7
12
9
10
7
9
8
13
11
13
15
10
9
9
10
11
13
13
12
12
13
11
8
11
7
9
11
12
6
14
13
7
7
11
12
9
12
12
8
8
13
6
12
7
11
9
3
16
12
9
9
10
9
10
11
7
8
11
7
8
8
12
6
10
9
12
15
14
13
13
24
30
41
47
68
93
114
118
118
113
95
100
51
56
36
28
18
21
19
16
12
10
9
14
7
18
9
8
8
9
17
11
13
8
10
7
15
10
8
17
10
8
14
11
8
6
12
9
8
16
17
7
9
11
7
14
15
14
15
11
15
8
12
13
11
9
7
8
7
8
12
6
17
7
9
9
13
8
9
14
16
7
10
9
11
10
17
7
12
16
13
14
10
18
9
7
15
5
8
11
9
4
6
9
16
15
17
12
12
7
14
14
15
15
5
13
13
13
17
14
14
16
16
10
13
9
11
12
7
13
10
13
6
16
13
11
20
14
7
2
11
11
14
16
15
7
12
9
12
13
13
7
10
15
13
7
12
13
13
18
13
9
13
15
10
14
13
11
14
14
10
10
13
13
6
9
13
16
10
7
9
8
10
11
12
12
18
8
17
8
14
9
11
12
7
13
14
12
11
12
14
13
8
12
18
9
11
12
9
16
6
11
10
12
11
7
10
12
16
15
9
10
15
12
9
7
16
12
12
9
11
6
16
16
11
17
13
6
12
9
10
19
6
9
12
6
13
8
8
11
9
19
11
9
16
13
11
13
10
9
14
8
15
20
12
10
10
11
13
15
7
14
14
25
19
11
13
3
12
10
15
14
12
11
15
13
12
15
13
19
14
19
13
17
10
11
10
7
15
11
18
11
12
11
14
15
13
13
16
8
10
12
19
16
16
13
9
9
14
7
12
19
16
7
13
7
13
9
6
15
4
6
12
14
8
8
15
11
11
20
14
13
14
9
10
13
20
9
18
13
14
9
6
6
11
13
14
6
18
16
7
15
13
16
12
12
13
18
13
8
11
19
9
11
12
9
14
10
12
7
5
21
14
11
12
7
16
21
12
17
13
20
13
14
5
22
10
17
16
15
16
7
17
10
12
13
22
13
12
14
14
14
9
17
14
11
17
10
20
13
20
22
15
16
21
17
12
19
12
23
25
28
30
40
37
40
43
24
28
18
21
16
15
19
8
19
14
19
14
17
15
15
16
15
12
15
11
15
10
16
19
9
18
17
13
10
19
14
17
19
11
23
8
15
13
13
13
13
19
16
16
13
14
16
15
15
17
14
18
13
12
19
22
17
14
14
15
16
14
15
15
15
18
20
11
11
19
13
21
20
18
13
15
23
16
15
11
18
13
12
20
17
15
16
15
21
10
23
17
16
15
22
13
21
14
14
14
15
15
11
15
16
14
21
15
12
15
14
12
17
15
19
26
13
25
15
10
12
12
16
14
16
13
18
12
21
12
20
25
16
14
16
12
14
12
15
12
22
23
11
11
19
19
14
23
19
12
11
19
23
19
22
26
15
19
13
16
24
21
17
19
13
18
18
29
16
20
19
21
13
20
19
16
24
15
17
26
14
13
19
17
27
24
26
13
12
22
20
26
19
15
18
16
13
21
16
27
13
22
24
17
11
16
14
18
13
19
13
20
17
22
13
16
22
18
23
19
30
28
30
36
50
32
38
17
19
18
8
16
11
15
14
12
8
11
10
18
10
17
15
16
15
11
17
11
13
14
13
11
12
14
9
15
20
13
12
11
10
14
15
8
13
12
10
13
13
13
20
18
11
10
6
8
9
15
11
10
13
12
8
13
9
10
11
12
16
18
16
12
7
9
7
14
16
13
9
6
9
13
13
11
11
10
11
8
13
10
9
8
11
9
11
14
15
7
9
9
10
12
5
3
14
13
9
7
10
8
12
10
11
9
6
8
8
11
15
13
17
14
11
17
9
18
15
12
14
7
6
10
10
10
11
7
6
12
6
6
10
11
14
11
5
14
7
18
11
10
15
9
12
5
8
9
12
5
11
9
8
11
13
10
12
10
8
8
5
12
7
13
9
6
9
8
6
6
8
4
7
11
8
9
8
12
10
5
8
10
8
13
8
10
8
6
3
4
8
12
10
8
8
4
8
6
9
13
8
11
5
7
7
6
8
8
11
8
7
10
5
4
6
11
6
5
4
8
3
5
6
10
16
9
5
7
3
8
4
8
6
6
6
5
6
9
10
5
7
4
7
6
9
5
4
7
6
4
7
2
4
6
7
4
6
4
3
3
6
3
8
8
4
4
2
5
5
5
4
5
6
4
3
4
4
3
1
2
3
5
7
2
6
3
5
5
1
6
2
4
5
4
0
2
2
4
9
4
6
7
2
10
6
3
19
21
17
22
22
15
17
13
9
4
6
5
4
10
4
5
2
3
4
4
2
4
2
0
5
6
7
4
2
5
6
2
5
3
4
5
3
2
1
3
0
4
2
2
1
3
2
2
3
1
4
5
4
3
2
4
2
2
6
2
3
1
3
3
2
3
1
3
5
6
1
2
3
1
1
3
3
4
1
1
4
4
5
4
1
2
2
2
5
3
7
2
0
4
2
5
2
1
3
1
2
1
2
2
3
0
4
2
2
2
1
1
3
3
5
5
0
2
2
2
2
1
6
2
3
1
4
0
3
1
4
4
0
2
2
1
5
4
0
4
3
3
3
2
2
1
3
3
2
3
1
1
6
1
3
2
3
4
2
2
2
5
7
1
1
4
1
3
5
3
2
2
4
0
0
2
1
5
2
5
1
2
2
2
1
2
7
3
2
4
2
3
4
4
3
2
1
5
3
1
5
1
1
4
2
1
4
2
4
5
5
2
6
3
4
5
4
10
15
18
44
60
95
166
282
447
603
770
916
957
831
702
499
345
206
119
63
30
17
8
4
0
2
1
0
2
0
3
2
1
0
1
1
1
1
0
0
0
1
0
0
1
2
1
2
0
0
2
4
0
3
0
1
1
0
2
0
4
2
0
1
1
2
1
2
1
2
2
0
2
0
0
1
2
0
0
1
1
2
0
2
2
0
4
1
2
1
4
0
1
1
5
5
1
0
2
0
1
4
0
1
1
0
2
3
2
5
1
0
1
3
1
1
0
1
2
1
0
2
2
1
2
2
3
0
2
1
2
1
0
0
1
0
0
1
2
1
0
0
1
2
1
0
2
1
0
1
0
3
2
2
2
1
2
2
1
0
0
2
1
2
1
1
3
0
2
0
1
2
1
1
0
0
1
1
0
1
1
0
0
0
3
1
1
2
1
1
1
2
4
1
1
2
3
0
2
2
0
0
2
1
0
0
1
4
3
0
1
4
1
0
1
1
0
0
1
2
4
2
2
1
1
1
0
1
4
1
1
1
0
1
2
0
0
1
0
0
1
1
5
0
1
2
2
1
1
1
1
0
0
1
2
0
6
3
1
3
1
1
2
1
1
2
0
2
1
1
0
2
1
0
2
0
0
3
1
2
0
1
0
1
1
1
0
1
2
1
0
1
4
0
2
0
1
1
2
2
0
0
2
1
0
1
1
0
1
1
0
0
1
1
0
2
1
2
1
3
1
1
0
0
0
1
0
1
2
0
1
1
1
0
0
3
1
1
1
2
2
0
0
0
1
1
0
2
0
3
1
4
1
1
1
0
0
2
1
1
1
1
0
1
0
0
0
2
0
1
1
0
1
0
3
3
2
0
1
0
0
1
1
1
0
0
0
0
0
1
1
2
1
1
0
1
1
1
0
1
1
0
0
0
0
0
1
1
1
5
0
1
1
0
2
0
1
1
0
0
2
2
1
0
0
1
1
1
1
1
0
0
0
0
0
0
1
5
1
1
1
2
1
1
1
2
0
1
0
2
1
1
0
1
0
1
0
0
0
2
0
3
0
2
2
0
3
0
1
2
0
1
1
0
0
1
1
0
2
0
1
1
2
1
3
3
0
2
4
4
11
7
9
9
8
6
2
1
3
1
0
2
2
2
0
0
0
0
1
3
1
0
1
1
1
0
1
0
2
1
2
1
0
1
0
1
1
3
0
0
2
2
2
0
2
1
1
1
2
1
1
0
2
2
0
1
0
1
1
1
0
0
0
0
1
3
4
0
0
0
0
0
0
0
0
0
2
1
1
0
1
1
1
1
1
0
2
0
0
3
1
0
0
1
3
1
1
0
0
0
2
1
1
2
1
0
3
0
0
0
0
0
0
1
1
0
0
0
1
1
1
0
1
0
0
1
2
1
0
0
2
0
1
0
0
0
0
0
1
0
0
0
0
1
2
1
0
0
2
0
0
0
0
0
0
0
1
3
1
0
0
2
3
1
0
1
0
1
1
1
0
0
4
1
1
2
0
1
2
1
0
1
2
0
0
1
0
0
4
1
1
0
1
1
0
3
1
0
0
1
0
1
0
1
2
2
2
0
1
0
1
1
3
0
1
1
1
0
1
1
0
2
1
0
0
1
2
0
0
0
1
0
1
0
1
2
1
1
0
0
3
0
0
0
0
1
1
0
2
2
1
0
2
0
0
1
1
1
1
0
2
0
0
0
0
0
0
0
1
0
0
0
0
0
1
0
0
0
0
1
1
1
1
2
2
4
5
3
10
19
18
28
27
30
34
18
23
20
10
4
4
1
0
2
1
1
0
0
0
1
0
0
1
2
1
0
1
0
0
0
0
0
0
0
1
0
1
2
0
1
0
0
1
2
2
1
0
2
0
0
2
1
1
0
1
0
0
0
1
2
0
1
0
0
0
0
1
0
0
1
3
2
0
0
1
0
1
0
1
0
1
1
2
0
0
0
0
0
1
0
2
1
1
0
0
1
0
1
0
2
1
0
0
0
0
0
0
0
0
1
1
0
3
0
1
3
0
1
0
0
0
0
1
1
0
2
0
0
0
2
0
1
3
0
1
2
1
0
0
0
0
0
3
0
0
0
1
3
0
3
1
0
1
2
0
0
1
1
0
0
0
0
0
0
0
1
2
0
0
0
2
1
1
0
0
0
0
0
1
2
0
0
1
0
0
0
0
1
0
0
1
0
0
2
0
1
0
0
0
0
0
1
0
0
0
1
1
0
1
1
0
0
0
1
2
0
0
1
0
0
0
0
2
0
1
1
0
0
2
2
0
0
0
0
0
0
0
1
0
0
0
2
1
0
0
0
1
0
0
1
0
1
0
1
1
1
0
0
1
0
0
0
0
0
1
0
0
0
0
0
1
1
2
0
1
1
2
1
0
2
0
2
0
1
0
2
0
1
0
0
1
1
1
0
1
1
1
2
0
0
0
1
0
0
1
0
1
0
0
1
0
0
1
0
2
0
0
0
0
0
1
1
1
1
0
2
1
1
0
1
0
0
0
1
1
0
0
0
1
0
1
0
2
0
0
1
0
1
0
1
2
1
1
2
0
2
0
0
1
0
2
0
0
0
1
0
0
0
0
0
0
2
2
1
0
2
0
0
1
0
0
0
0
0
0
0
0
0
0
1
1
0
0
0
1
1
0
0
0
1
0
0
0
0
1
0
0
1
0
0
0
0
0
0
0
0
2
0
1
1
0
2
1
0
1
0
2
0
0
0
1
1
0
0
1
0
0
1
0
0
0
0
1
1
2
0
1
0
0
1
1
0
0
0
0
0
1
1
0
2
0
0
0
0
1
0
0
1
0
0
2
0
0
0
1
1
0
0
0
2
0
0
0
0
2
0
0
0
1
0
1
0
1
1
3
0
0
0
0
0
0
1
0
0
0
2
1
1
0
0
0
0
0
0
0
0
1
0
0
0
1
0
0
0
0
1
0
1
0
0
0
0
1
0
0
0
1
0
0
0
1
0
0
0
0
0
0
1
0
0
0
1
1
0
0
1
0
1
0
2
0
0
1
0
1
1
1
0
1
0
1
2
0
2
0
1
0
0
2
1
1
1
0
0
0
0
3
0
1
1
1
1
0
1
0
0
0
1
0
0
1
1
1
2
1
0
2
0
0
1
0
0
0
0
0
1
1
0
1
0
0
0
1
2
1
0
0
1
1
0
0
2
0
2
0
0
1
0
0
0
2
1
0
0
1
0
0
0
0
1
1
1
0
1
0
0
0
1
0
1
0
3
0
1
2
2
3
2
6
3
3
2
2
0
2
0
1
3
0
1
0
1
1
0
0
1
1
0
1
0
0
1
1
0
0
0
1
0
0
1
1
0
1
0
0
0
2
0
3
0
0
0
1
0
0
1
0
0
0
0
0
1
1
1
0
1
1
0
0
0
1
0
0
0
1
0
0
1
0
0
1
1
0
0
0
0
0
0
0
0
0
2
0
0
1
0
0
0
0
0
0
0
0
1
0
0
0
0
0
0
0
0
1
0
1
0
0
0
0
1
1
0
1
0
1
0
0
0
1
0
2
0
0
1
1
1
0
0
0
0
0
0
0
0
0
0
0
1
0
1
0
0
0
0
0
0
0
0
1
0
2
0
1
0
0
0
0
1
0
0
0
1
1
0
0
0
0
2
0
0
0
0
1
0
0
1
0
0
1
0
2
0
0
0
0
0
1
0
2
1
0
0
0
1
0
1
1
1
0
0
0
0
0
0
0
0
1
0
0
0
0
0
1
0
1
0
0
0
1
0
1
0
0
2
0
0
0
0
0
0
0
1
1
0
1
0
0
0
1
0
0
0
0
0
0
1
0
0
0
0
0
0
0
0
0
0
1
0
0
0
1
0
0
0
0
0
1
0
1
0
2
0
1
1
0
1
0
1
0
0
1
0
0
1
1
1
0
0
0
0
2
0
0
0
0
0
0
0
1
0
0
0
0
0
0
0
1
0
0
0
0
0
0
0
0
0
0
0
0
0
1
0
0
1
0
0
0
0
0
0
5
