Nom du fichier: D063D3_2K.Chn
Date: 13Feb131
Heure: 111421
Temps réel (s): 803.66
Temps vivant (s): 751.16
Dead time: 6,53 %
Offset des données: 0
Longueur des données: 8192
Coefficients de calibration énergie: -1.0710616, 0.4293532, 0.0
Coefficients FWHM: 3.8337736, 8.2997483E-4, 3.6484817E-30
Coefficients de forme des pics: 7.934235E-39, 0.0, 0.0
Description du détecteur: MCB 129
Description de l'échantillon: 

Données du spectre (entiers):
0
0
0
0
0
0
0
0
0
0
0
0
0
0
0
0
0
0
0
0
0
0
0
0
29
754
838
826
796
817
780
814
755
699
697
715
680
665
679
659
655
660
662
615
606
594
605
596
566
581
570
575
571
565
549
547
551
544
540
523
571
543
507
522
535
491
501
530
520
523
525
476
505
481
459
521
452
446
460
463
467
451
452
415
483
445
404
449
443
442
452
466
408
459
446
457
436
445
440
414
418
417
480
434
438
404
410
452
441
464
457
445
430
402
395
405
403
393
427
393
385
443
441
401
446
410
443
465
454
424
424
433
427
459
433
429
451
443
439
428
384
408
437
458
430
463
441
437
473
455
453
528
574
643
675
629
665
474
476
438
468
461
422
451
437
452
427
416
466
485
483
529
505
534
501
489
497
484
478
466
453
469
489
450
421
455
457
439
493
453
468
417
449
483
460
484
502
517
524
471
469
490
501
494
459
476
485
521
459
461
474
505
491
493
491
465
474
545
530
581
631
599
547
499
436
480
460
471
463
465
446
456
452
486
468
461
484
487
498
490
499
493
485
525
519
474
501
431
484
437
453
509
504
499
492
464
454
499
462
476
446
483
451
495
487
449
452
481
471
434
470
482
480
519
535
497
477
504
468
498
511
466
502
491
500
510
463
483
477
482
497
512
516
495
474
531
471
512
486
557
474
493
508
485
500
480
488
503
497
477
491
509
503
469
491
516
461
498
479
472
486
477
507
520
459
476
472
511
487
476
474
488
476
493
505
498
440
484
520
486
512
497
454
489
499
489
460
456
458
484
478
502
444
470
467
484
494
509
477
438
458
456
441
449
495
492
502
472
480
390
478
428
465
457
419
495
464
492
428
482
451
460
473
500
496
611
615
571
522
464
476
461
462
456
477
485
509
482
513
504
486
454
447
443
432
463
445
441
445
432
480
432
468
479
460
432
454
439
459
462
501
465
431
485
498
420
464
458
470
453
480
442
465
457
421
462
466
451
495
474
470
496
437
472
459
387
472
497
454
455
468
455
494
459
509
497
508
470
521
462
467
505
472
503
514
498
494
484
482
530
488
529
510
484
507
498
475
472
466
506
491
453
512
487
514
481
534
523
517
513
501
489
503
523
491
469
535
504
489
502
488
516
495
507
565
492
477
497
487
489
492
490
521
499
519
470
536
476
482
511
483
539
506
537
516
536
524
519
556
585
532
536
562
530
521
549
533
522
494
549
492
550
537
522
542
504
515
543
486
509
505
505
553
516
521
538
525
544
525
541
540
516
508
535
496
514
502
532
532
497
487
486
526
486
488
467
470
496
520
477
459
493
475
479
460
458
476
461
486
501
460
497
472
494
447
477
407
454
480
453
436
452
440
454
428
414
427
451
432
474
446
420
460
407
475
436
451
439
412
430
475
414
446
435
406
409
443
438
368
389
413
419
396
411
452
387
406
416
415
397
437
415
362
429
392
366
432
424
404
416
415
408
423
386
390
391
379
387
368
405
396
393
368
372
374
384
384
377
384
350
373
340
409
386
359
381
363
391
388
357
390
360
396
337
341
358
358
354
403
367
372
389
333
380
407
375
389
366
347
368
391
339
365
343
377
379
341
354
372
359
369
370
364
364
346
349
378
327
367
340
369
377
342
361
385
377
359
363
400
339
386
359
352
376
312
354
387
324
356
344
364
344
419
508
641
866
959
773
522
423
383
314
328
341
359
344
321
353
356
360
319
328
371
332
344
333
356
364
322
345
341
312
348
323
326
352
361
329
372
344
344
333
352
362
343
337
358
344
311
338
331
374
365
345
324
334
356
326
317
327
299
338
320
296
345
298
324
310
318
317
318
343
325
300
335
328
313
351
340
323
327
358
300
302
302
291
323
365
312
330
330
320
329
317
317
323
350
294
336
322
330
311
369
348
302
338
334
305
312
346
339
350
332
296
298
300
297
337
306
294
307
301
300
284
313
322
321
342
278
293
335
296
315
322
322
283
291
303
310
333
313
300
326
299
322
247
310
286
330
313
327
342
291
293
288
293
331
278
304
306
290
313
285
320
332
315
352
309
312
291
272
305
316
313
278
294
286
285
295
300
301
286
275
292
293
300
272
301
293
275
280
275
268
327
316
258
275
310
300
280
266
288
266
284
286
296
282
256
297
286
267
295
287
290
316
302
285
284
329
320
312
319
293
270
296
279
305
274
306
275
273
294
311
314
263
292
283
287
256
276
283
302
283
284
291
292
273
295
259
256
298
233
306
268
286
309
278
269
273
251
268
279
290
299
274
298
260
303
289
284
268
286
261
268
264
306
271
283
283
287
293
320
266
278
262
257
295
254
263
270
283
328
321
315
275
288
244
244
286
252
261
272
285
253
285
268
274
263
288
287
310
284
275
308
279
283
280
275
290
282
256
266
251
250
302
288
282
266
264
262
265
248
272
257
262
254
303
272
277
256
255
257
291
278
263
248
248
296
282
244
263
270
279
261
229
258
267
265
275
255
287
273
243
272
256
239
270
275
263
261
263
259
275
260
259
264
269
245
231
273
233
249
278
265
262
277
273
253
281
296
255
223
255
261
282
289
250
262
284
266
246
244
250
263
248
251
273
280
247
275
263
260
253
285
266
266
246
261
277
297
247
238
268
274
302
271
285
270
246
251
268
253
239
239
269
279
266
285
261
243
271
273
283
269
316
361
439
554
732
890
967
1014
902
806
684
480
406
367
297
309
277
263
278
279
279
260
253
240
259
288
253
271
257
271
253
270
223
264
256
251
253
270
299
274
276
260
247
234
245
262
268
233
261
279
255
227
233
231
243
256
237
272
267
261
281
273
258
252
269
247
245
260
256
274
298
283
281
245
262
294
243
288
255
270
236
265
282
255
253
231
246
256
264
280
276
255
232
255
277
269
254
253
274
263
257
256
260
253
256
275
262
289
277
298
225
247
251
272
287
270
292
279
256
269
279
244
264
271
274
274
263
265
255
253
277
252
273
289
269
261
261
248
305
259
262
276
265
298
267
299
286
296
261
286
304
263
252
294
282
286
266
284
289
257
264
266
257
257
245
284
266
279
292
276
274
278
275
257
261
236
276
258
279
245
276
258
269
266
286
286
288
333
276
264
289
286
273
293
283
271
306
228
272
288
291
270
299
299
275
300
262
284
290
303
301
288
301
281
281
318
277
335
301
262
321
293
292
280
279
279
291
330
296
250
329
288
296
270
329
301
324
302
304
299
309
289
301
294
280
295
263
276
305
325
319
364
329
379
374
341
346
327
299
338
331
329
321
325
324
331
291
270
316
296
295
276
336
265
336
319
313
289
328
299
301
344
351
297
294
322
325
299
307
302
341
306
330
345
312
349
336
304
335
328
315
332
266
346
315
333
351
333
324
318
292
325
317
324
329
290
306
318
324
331
305
272
315
298
294
300
275
296
294
307
289
305
298
282
257
269
255
283
275
264
256
251
249
250
253
266
247
230
256
275
265
264
218
227
231
213
254
232
227
258
212
269
220
243
232
244
246
248
227
253
249
224
226
257
239
228
229
231
231
232
238
185
217
212
228
222
220
214
214
246
236
201
203
204
229
216
192
198
198
183
203
212
212
244
212
242
209
201
215
206
221
213
210
207
213
215
217
221
218
213
223
201
211
208
206
198
204
195
203
192
221
206
198
210
198
196
219
222
180
190
229
222
190
195
202
162
193
210
216
215
200
189
197
202
203
202
181
174
193
172
228
204
156
182
185
182
150
162
175
197
185
186
195
159
202
187
167
189
178
183
184
177
187
202
177
191
165
161
167
196
191
174
168
163
163
182
168
168
167
204
175
184
178
173
172
171
179
161
187
179
157
186
159
173
165
181
170
186
194
171
176
160
148
157
152
169
169
160
168
157
137
144
159
179
145
169
145
171
171
171
141
172
165
160
150
145
164
138
176
160
151
148
167
121
156
171
167
160
146
146
179
144
174
150
148
196
147
144
132
164
152
155
147
156
152
170
195
189
272
342
386
354
318
238
197
171
153
137
143
144
150
147
162
159
155
132
170
148
155
152
160
158
137
143
150
131
160
146
198
180
151
161
148
165
163
162
143
165
173
155
140
175
171
162
161
171
162
161
150
151
154
147
146
140
149
154
167
140
159
172
178
166
157
155
137
160
152
142
167
162
124
150
149
174
189
188
162
151
150
174
157
127
144
155
164
147
154
144
140
144
161
176
168
163
151
161
148
147
162
152
149
143
153
147
162
147
150
156
142
143
140
143
144
143
174
153
156
170
140
144
181
135
133
130
152
134
147
140
143
138
127
118
157
121
142
148
151
152
151
145
147
146
147
158
154
135
147
151
135
164
148
143
142
127
148
148
152
151
146
149
147
146
151
148
148
172
148
149
150
155
153
132
159
130
166
126
143
125
153
155
134
164
159
145
139
145
150
153
155
149
159
160
151
156
148
161
172
188
245
339
570
909
1200
1303
1189
1399
2668
5585
10097
13683
14302
11650
6949
3412
1377
507
241
164
144
149
143
152
121
121
121
116
120
133
113
166
132
148
120
145
130
129
131
148
129
124
154
123
131
131
115
126
109
138
153
130
127
115
105
155
132
112
171
119
127
131
137
113
122
131
106
126
129
127
105
132
144
143
128
150
122
109
117
136
144
125
128
119
122
130
111
120
144
150
115
139
130
121
131
112
124
131
126
139
117
110
133
123
119
127
127
128
152
136
144
125
128
121
132
129
125
134
138
128
144
134
110
116
141
128
119
143
110
134
129
124
121
126
133
117
132
130
133
146
120
133
124
123
124
144
135
115
134
120
139
142
157
113
135
130
117
125
136
132
151
121
136
126
140
139
155
122
127
132
116
110
140
137
128
118
121
127
130
121
131
141
111
118
129
122
153
118
143
130
122
149
129
122
134
135
126
135
144
148
148
140
146
153
148
137
140
127
133
124
126
133
141
114
133
125
139
129
127
142
129
132
127
119
103
135
148
163
116
160
124
122
113
115
139
155
112
138
139
134
114
134
146
114
141
153
156
122
131
169
146
124
139
139
105
119
149
136
141
157
158
142
132
125
114
153
119
155
131
142
136
136
126
133
120
145
151
120
106
134
131
145
171
156
162
173
143
136
144
157
143
117
138
134
124
148
158
128
145
149
131
132
128
147
140
143
140
152
134
140
156
123
134
120
151
122
115
138
121
137
129
141
138
149
130
116
140
138
163
137
125
145
133
130
125
151
121
126
156
123
132
151
127
154
133
129
137
126
133
132
140
130
159
132
149
138
128
141
142
141
134
129
140
125
161
139
141
136
150
132
131
138
135
139
134
160
159
136
145
130
131
145
140
133
148
142
133
138
136
141
163
154
141
133
142
147
138
143
162
225
296
364
473
544
428
324
254
172
146
148
156
117
148
145
108
153
148
146
172
144
172
159
140
159
139
148
160
126
138
124
154
154
163
161
136
137
134
148
142
131
142
153
142
137
147
137
169
140
145
154
136
148
138
136
131
164
152
155
177
153
149
157
139
144
156
178
137
136
167
146
166
157
158
160
134
162
140
143
148
151
174
162
146
166
153
148
126
155
155
138
141
134
163
147
149
134
139
155
151
124
133
134
161
151
142
150
122
163
141
135
143
140
153
153
128
141
151
157
143
150
144
137
159
156
149
154
145
146
139
160
136
148
156
151
165
160
169
154
145
155
139
142
191
171
182
173
156
143
155
149
150
138
153
154
162
151
169
142
142
166
181
170
145
181
150
133
164
141
144
148
148
140
154
138
134
177
143
162
165
145
172
179
173
177
170
156
159
137
150
150
154
154
151
157
165
177
182
171
156
176
142
167
148
152
167
151
142
141
154
152
147
158
180
170
125
153
158
158
146
144
133
147
149
156
171
167
160
142
173
143
159
147
159
167
153
166
169
160
138
153
161
181
176
145
169
170
175
164
195
170
155
194
164
171
152
148
196
154
160
183
161
122
184
172
150
159
158
164
137
153
171
165
165
155
141
187
153
167
160
163
162
154
148
171
149
153
136
170
162
161
155
160
154
176
152
160
175
189
179
146
141
160
173
142
161
163
172
155
181
168
186
147
175
174
167
168
172
166
178
156
181
148
166
166
160
147
167
175
170
168
146
138
151
148
146
151
162
149
154
145
151
153
157
151
169
182
146
157
144
163
190
145
171
168
157
169
151
152
150
142
150
150
135
170
170
154
137
152
156
142
163
149
146
157
173
143
171
138
163
144
159
174
135
128
155
148
154
144
141
124
168
147
153
161
156
145
150
141
149
151
162
147
163
160
149
159
139
171
157
161
129
151
132
155
132
155
157
158
148
140
168
154
157
147
176
155
168
173
168
144
151
141
165
151
161
152
159
167
153
136
153
127
148
134
160
162
166
155
144
163
138
140
141
164
139
161
160
150
162
136
140
149
150
160
160
134
161
178
149
146
138
149
146
116
163
139
154
151
131
130
141
140
158
147
158
159
146
147
140
160
143
154
151
163
159
139
159
155
145
137
161
150
146
144
155
131
156
134
140
149
141
150
147
134
163
153
155
140
144
144
123
151
149
148
164
169
162
150
158
128
151
156
157
160
165
136
149
135
153
151
138
139
151
138
124
132
118
140
131
143
138
134
148
126
153
129
156
170
157
140
139
163
139
154
129
157
151
151
148
157
160
119
137
139
149
132
143
155
137
161
134
138
140
149
168
148
161
187
192
237
309
412
425
508
479
442
398
334
261
218
201
189
218
303
430
588
695
731
606
433
291
193
153
177
154
134
154
141
171
137
138
140
169
151
143
162
142
167
155
153
157
159
142
138
171
154
165
154
153
173
145
137
139
157
137
159
155
141
147
203
217
274
345
426
434
351
268
203
190
152
159
139
151
153
178
177
187
183
181
207
177
198
149
169
149
155
140
154
153
146
151
163
137
153
161
146
151
172
148
158
134
147
151
145
146
156
152
171
142
143
165
145
157
142
168
155
145
144
161
163
168
153
159
143
123
160
168
134
144
168
152
146
156
141
163
147
167
160
133
157
153
148
135
167
132
172
156
153
148
171
162
180
174
153
148
160
156
180
169
149
156
141
137
150
163
170
136
161
153
151
147
169
162
160
141
160
161
147
158
161
153
164
137
173
145
138
159
157
161
157
165
158
146
189
165
167
150
164
155
157
156
150
157
141
181
146
159
140
149
162
172
170
157
156
170
137
157
155
177
172
153
174
177
166
165
170
180
151
165
165
189
194
204
287
458
832
1444
2125
2667
2793
2277
1536
901
505
318
197
182
161
156
159
158
179
139
153
159
185
193
179
181
155
165
159
175
170
175
171
160
162
164
156
171
186
157
153
159
175
169
174
171
155
169
162
160
149
171
169
179
172
160
154
170
164
147
139
166
154
185
138
164
166
182
169
173
160
170
177
157
165
172
182
170
167
146
165
178
177
180
159
191
183
166
154
181
181
166
184
179
164
180
182
192
178
139
184
179
173
162
176
186
163
154
176
173
134
185
190
180
172
184
181
193
182
180
188
173
174
190
192
181
183
200
195
156
197
207
181
172
190
181
181
171
190
185
179
178
186
191
197
179
150
189
196
161
178
208
215
269
390
520
827
1099
1247
1261
906
678
414
306
241
194
185
201
193
186
202
198
171
193
187
198
204
182
192
210
203
196
218
175
179
207
182
208
195
171
185
193
170
180
179
220
210
204
192
205
206
208
173
205
224
192
217
199
208
198
204
198
177
215
202
201
210
215
209
190
202
186
201
216
189
175
194
193
196
208
225
212
193
203
235
224
197
208
209
188
232
204
211
205
195
214
180
213
197
230
238
219
202
220
217
216
212
220
239
226
212
199
179
198
205
191
219
215
228
200
203
223
224
241
239
230
231
230
237
243
236
253
221
230
233
259
225
208
201
234
229
247
233
237
220
222
204
236
259
266
221
252
243
267
245
223
229
228
244
237
251
245
243
231
209
223
239
229
244
261
235
263
223
237
240
247
267
218
233
251
240
251
225
223
254
244
241
238
254
253
248
225
259
251
255
235
249
237
251
244
258
246
284
274
236
259
224
255
246
266
258
266
277
253
269
262
315
317
390
381
373
394
334
315
291
281
262
279
289
281
253
298
279
271
267
296
274
269
275
294
243
271
295
267
291
272
259
269
263
300
250
269
268
281
272
288
290
274
253
282
265
251
286
305
273
254
280
258
289
286
286
294
268
274
275
295
296
273
265
283
281
272
279
272
259
258
275
266
250
255
275
240
257
271
270
253
248
274
235
226
233
233
201
219
208
221
223
224
193
200
209
182
213
200
189
203
191
192
205
181
179
189
206
228
209
195
200
199
191
215
195
196
204
214
193
186
199
206
185
187
198
196
177
189
188
171
181
177
173
190
196
183
169
203
163
147
176
179
149
160
159
203
175
160
148
175
178
169
180
181
150
151
150
171
163
168
158
161
183
180
167
168
148
181
172
148
146
162
163
140
173
150
150
169
156
154
182
176
191
183
175
178
194
209
152
141
146
160
159
147
143
143
149
137
159
136
161
168
140
154
136
144
154
170
131
158
140
145
152
144
155
172
142
140
132
147
129
134
141
144
155
146
130
135
120
140
129
128
129
131
135
126
125
136
134
147
118
128
127
131
109
122
128
119
114
121
94
124
123
127
121
133
127
129
114
113
116
132
113
133
115
100
94
100
90
102
120
102
106
109
117
124
122
134
131
152
123
137
115
109
114
97
96
95
100
111
89
101
96
98
104
82
93
85
89
98
84
97
110
89
84
73
97
87
85
94
91
97
81
84
76
89
97
77
80
85
70
65
83
82
93
70
63
76
78
82
69
84
68
68
74
78
59
82
86
72
75
65
65
61
65
56
78
63
52
66
67
59
59
63
74
58
65
59
66
67
68
56
55
58
50
69
54
63
55
71
55
54
55
58
57
58
66
58
41
57
59
61
51
44
60
35
55
51
51
55
45
48
44
50
55
60
39
56
53
47
44
45
47
40
51
40
40
47
45
56
36
46
46
53
44
54
50
46
42
47
44
44
56
36
44
31
37
36
39
44
42
47
36
37
33
40
48
46
37
41
34
47
58
35
32
42
51
42
42
31
32
36
43
36
36
47
48
38
39
38
37
35
34
30
40
42
30
38
45
31
37
43
48
31
43
57
45
38
44
46
43
46
45
54
74
73
103
90
134
102
86
62
56
47
40
39
40
48
37
51
44
21
32
46
36
46
42
53
38
46
40
36
35
34
37
42
29
37
44
44
38
43
43
51
25
39
45
34
36
39
33
32
46
48
42
37
24
42
42
55
50
38
36
27
45
37
37
40
36
32
29
47
37
31
36
37
41
40
39
36
47
53
46
44
46
44
49
44
52
49
41
41
39
38
49
48
50
55
51
50
49
56
46
53
52
56
59
73
126
229
597
1268
2713
5191
9014
13209
16580
17401
15206
11191
6948
3664
1551
611
214
90
50
30
22
25
19
37
21
22
24
25
18
24
24
36
23
15
18
20
30
17
18
19
24
23
30
22
24
18
23
29
20
36
15
19
21
23
17
43
26
29
26
17
19
13
18
18
20
25
19
27
26
26
26
21
28
26
36
37
79
139
268
534
940
1341
1771
1790
1646
1208
789
455
194
73
47
27
17
19
17
23
12
31
27
20
17
15
26
14
18
17
18
20
25
24
19
27
17
19
15
23
23
22
19
23
22
19
21
20
20
18
24
19
16
25
14
26
16
12
21
22
22
22
25
19
21
31
25
27
15
21
32
26
35
20
24
28
19
16
26
23
13
28
15
21
21
16
15
22
19
21
18
28
17
17
16
23
26
20
26
27
24
27
25
25
23
21
20
25
15
17
23
33
19
20
29
24
14
19
13
25
23
22
24
14
30
19
11
25
22
26
20
12
26
31
21
24
23
22
21
18
21
20
26
21
20
18
20
29
20
27
13
26
14
20
21
19
27
27
22
25
13
23
25
22
20
18
21
21
24
29
21
26
26
25
20
23
30
28
26
23
25
15
22
18
14
19
21
19
16
17
22
26
24
18
21
20
16
17
24
8
16
18
21
18
19
12
11
20
18
18
22
18
17
20
13
17
21
13
15
20
24
15
30
14
15
9
21
25
24
17
21
22
12
13
20
19
23
17
16
18
12
12
16
15
28
11
26
17
17
24
15
21
19
15
10
19
16
18
14
18
16
18
18
24
15
18
13
16
21
14
21
15
21
26
15
18
13
13
13
17
17
14
13
17
16
19
21
18
13
20
24
12
11
19
27
19
18
22
16
22
17
14
15
17
17
18
10
14
16
17
17
21
21
26
16
23
18
13
20
15
19
17
11
18
14
22
15
11
17
17
10
18
19
19
16
19
21
16
20
17
18
17
16
17
15
14
19
20
10
12
13
10
15
15
11
15
12
22
21
16
12
14
19
15
16
19
20
15
12
13
18
13
13
10
17
16
10
14
20
14
14
16
11
7
8
16
10
9
13
17
21
9
8
16
12
16
17
13
17
13
15
11
11
16
18
21
17
14
16
13
22
18
17
21
15
12
15
12
22
20
14
10
21
16
15
11
18
18
7
16
17
10
18
14
13
11
16
14
11
10
10
12
14
10
11
10
17
13
13
18
9
16
14
16
13
14
12
12
9
15
14
10
11
10
7
14
13
12
13
9
15
16
14
15
14
18
20
14
15
15
24
22
11
15
11
11
16
23
13
12
13
17
12
15
17
7
10
15
15
11
17
4
8
13
12
8
10
13
12
14
20
18
18
20
26
23
32
22
15
12
8
14
12
9
19
17
20
11
11
15
17
14
11
10
13
16
10
6
10
10
10
15
13
6
12
17
16
10
13
10
14
15
9
13
8
15
11
10
14
12
13
15
14
10
14
9
14
15
18
11
18
21
10
16
14
8
14
19
9
16
12
10
10
11
10
18
14
8
20
11
14
8
12
21
21
19
15
14
10
6
17
8
20
11
7
6
8
10
14
13
15
11
10
13
10
12
14
14
13
14
6
17
11
10
9
11
11
2
13
7
16
8
14
13
10
12
18
10
10
10
10
22
13
12
13
17
9
6
12
12
10
13
15
17
20
11
12
11
9
10
18
15
16
13
18
9
13
9
10
12
13
12
9
12
12
10
14
18
14
13
16
12
19
9
11
12
12
9
16
13
10
9
10
14
11
11
9
16
9
6
15
12
13
26
34
42
62
125
240
373
543
718
780
769
660
458
239
149
74
38
11
15
9
6
24
8
17
12
7
8
13
13
17
12
13
16
14
13
11
8
11
7
9
8
4
10
19
15
11
9
16
12
21
13
7
14
16
14
7
6
10
14
11
9
9
12
13
14
9
18
14
7
13
18
6
16
16
7
15
11
9
12
11
17
18
10
14
12
16
14
13
16
11
14
15
15
6
15
8
13
9
7
10
13
10
16
6
10
16
16
9
14
8
16
5
10
12
10
12
7
9
12
14
15
9
18
17
15
15
6
13
16
17
6
15
26
31
29
48
49
31
37
19
18
17
13
17
11
11
13
20
15
19
12
12
12
10
11
16
10
18
11
12
7
16
12
18
10
13
13
16
17
9
8
12
11
11
11
11
15
6
16
12
12
14
17
13
13
6
7
17
11
10
15
10
18
12
14
13
5
13
12
13
9
9
11
14
12
15
13
7
15
11
11
15
13
14
16
17
11
11
11
17
9
8
16
14
16
12
8
16
9
7
11
14
10
9
10
18
12
8
11
12
16
8
9
11
15
8
13
15
8
8
15
14
16
2
10
5
9
12
8
11
13
14
8
17
13
14
13
6
16
14
8
9
13
17
12
13
6
12
14
17
9
17
15
15
8
15
11
8
12
11
18
10
15
9
17
18
18
12
10
11
14
17
10
20
17
24
32
40
78
105
122
146
134
143
145
106
105
72
50
40
30
17
17
16
16
14
14
8
16
11
9
11
13
14
13
8
18
22
10
12
18
9
13
16
10
9
10
11
16
17
14
14
18
16
14
20
11
13
12
17
14
14
17
11
12
12
16
14
17
11
17
16
12
16
20
17
8
21
13
15
12
11
6
7
17
12
12
15
18
14
9
23
13
21
19
12
11
20
15
16
17
8
12
11
12
17
11
15
10
12
15
15
12
17
12
19
11
8
11
12
12
7
13
9
13
18
13
13
11
12
11
14
15
13
13
11
16
13
12
11
16
12
19
20
6
16
11
13
10
20
15
13
13
13
15
12
14
20
12
12
13
8
16
12
11
16
16
17
7
18
11
18
13
14
12
12
12
11
17
19
14
18
14
16
19
14
16
14
21
14
19
18
16
18
9
8
17
4
15
19
13
18
16
13
12
11
23
13
19
15
13
17
8
14
15
13
14
10
14
16
12
14
12
13
12
14
12
14
8
20
17
16
10
19
19
14
14
16
21
14
16
20
17
10
14
12
9
16
19
9
18
14
10
10
18
13
13
16
11
19
13
21
16
23
9
14
24
10
10
18
16
19
10
11
23
16
5
10
17
11
8
14
11
14
13
12
17
20
18
17
16
9
23
9
16
27
11
11
16
9
7
19
11
14
21
22
16
19
15
18
14
11
20
10
16
17
19
15
17
17
14
22
15
18
12
14
8
15
9
14
16
11
11
19
12
14
19
23
19
17
13
18
13
14
14
21
11
21
12
12
13
10
9
20
15
15
14
9
21
19
11
18
15
9
22
15
8
12
10
21
17
12
12
19
14
23
17
26
15
12
18
13
12
15
21
12
9
17
9
13
20
16
18
19
14
15
19
17
12
15
14
15
17
10
20
13
16
9
14
16
17
20
23
14
16
14
13
18
20
20
18
19
14
17
18
21
21
14
13
16
12
21
24
25
20
26
28
33
41
32
32
38
24
13
13
17
9
22
13
14
17
15
17
12
16
15
14
19
21
14
26
20
17
14
18
27
16
14
22
23
18
21
18
12
11
21
18
21
18
24
20
14
11
10
20
17
18
21
16
29
18
15
24
20
26
29
20
16
22
21
16
19
20
20
22
14
19
16
19
22
11
22
24
12
21
18
24
22
18
12
13
15
16
20
14
17
21
21
24
24
17
18
16
19
23
21
19
20
25
19
24
13
17
20
18
15
19
22
14
23
24
23
17
22
23
20
26
12
16
22
20
15
17
16
16
14
15
13
17
13
23
27
15
16
14
19
21
27
22
22
27
23
17
21
20
22
31
17
18
11
14
16
20
21
12
21
20
18
16
25
24
25
18
17
20
22
17
26
22
21
21
18
24
18
14
22
22
24
19
24
21
26
21
20
11
22
14
31
33
29
18
21
21
16
13
22
23
18
24
15
20
26
22
14
16
23
15
12
15
19
31
14
18
24
22
14
17
21
27
14
29
34
46
42
58
66
49
63
50
36
31
22
13
21
19
21
17
15
10
11
17
17
18
13
14
18
16
17
8
16
10
17
15
16
12
9
20
17
7
15
19
20
8
18
22
9
15
14
7
16
11
12
13
11
16
15
17
16
18
13
7
15
13
11
12
16
14
21
14
12
16
16
19
9
14
11
11
13
12
18
12
15
22
8
17
15
13
21
15
12
19
11
11
14
13
19
12
15
10
17
15
9
10
12
12
14
17
14
23
10
5
15
7
8
15
8
15
21
4
16
7
12
14
20
26
22
17
12
16
14
12
8
5
9
14
12
8
14
11
12
11
13
9
7
11
7
16
8
15
9
15
10
14
11
10
14
8
8
10
12
13
14
12
9
14
13
7
15
13
11
16
12
4
10
6
10
11
10
11
12
8
7
17
8
15
13
9
7
10
11
8
5
12
10
6
11
10
5
5
5
6
10
7
7
11
9
12
4
10
6
8
13
10
9
10
12
8
12
7
6
12
11
10
7
11
6
15
10
11
9
9
8
1
7
7
10
8
11
6
7
3
9
5
10
11
5
8
6
8
5
6
3
3
5
8
9
6
7
6
9
4
4
6
5
7
11
8
8
8
4
5
9
4
10
5
4
2
7
7
5
3
7
3
3
14
6
4
5
10
2
5
6
6
3
3
1
5
4
4
8
5
4
3
3
6
3
3
5
5
4
7
7
4
6
8
23
24
31
57
62
49
37
33
19
17
6
5
5
5
3
3
5
5
3
7
4
5
8
2
4
6
3
2
1
1
3
1
3
3
3
3
0
3
3
6
2
2
4
0
5
4
3
5
2
1
5
7
2
2
2
2
2
5
4
5
3
6
2
6
3
4
3
0
4
1
4
6
2
3
3
5
2
3
1
2
4
2
2
2
2
3
4
3
6
4
1
6
5
5
3
5
6
3
4
3
3
2
5
5
3
2
3
3
1
2
2
1
6
7
2
5
0
4
5
6
6
4
4
4
4
4
6
3
0
4
2
3
1
4
1
6
2
3
2
1
1
2
3
1
0
3
2
6
3
2
3
3
1
1
8
6
1
3
3
2
4
2
3
3
2
4
3
3
4
2
2
2
1
3
1
6
4
3
2
0
2
1
4
6
5
2
4
4
4
2
3
2
4
2
1
2
1
1
4
4
4
3
4
5
1
4
4
7
3
3
3
3
3
5
2
4
7
5
7
16
20
45
75
125
202
328
531
776
998
1143
1151
998
832
530
339
172
61
23
8
4
1
1
2
2
6
2
2
1
2
0
4
0
2
1
1
3
1
0
1
4
2
3
1
2
1
0
2
2
0
2
0
1
1
0
1
3
4
2
0
1
2
0
2
2
3
1
4
1
3
1
1
1
2
0
2
1
1
0
5
1
0
0
3
1
0
1
0
0
2
3
1
1
1
2
1
5
2
1
3
2
1
2
1
1
2
2
2
1
1
1
1
1
0
4
0
1
1
0
0
1
2
0
2
4
3
3
3
2
3
3
1
0
2
2
4
4
2
3
0
1
1
3
0
3
0
1
2
2
2
1
3
2
0
2
1
1
2
4
2
1
1
1
1
1
3
0
0
4
2
2
0
1
1
0
0
0
0
1
0
0
0
2
0
0
0
2
2
0
2
0
0
3
1
2
0
1
3
1
2
1
1
1
1
0
0
0
2
0
0
1
3
3
1
0
1
3
2
1
2
1
1
2
2
0
1
1
4
1
1
1
4
1
2
0
2
0
0
1
4
0
0
0
0
1
1
1
2
1
3
2
3
1
4
3
1
3
2
1
3
1
2
1
0
0
0
1
2
1
2
3
0
1
0
0
0
0
1
1
4
1
0
2
0
2
2
1
0
0
2
0
2
2
2
1
2
0
1
1
0
2
1
0
2
1
1
0
1
1
0
2
2
3
0
1
0
1
3
1
0
0
1
1
2
0
0
0
1
1
2
0
0
0
1
1
2
1
2
1
0
1
1
3
1
1
0
0
0
1
0
0
0
0
4
1
0
0
3
0
2
1
1
0
0
1
1
1
0
0
0
2
2
1
1
1
0
1
0
1
1
1
1
0
1
0
0
0
0
0
2
0
1
0
1
1
1
0
1
0
0
1
1
2
1
0
1
3
1
1
0
1
0
3
1
1
0
3
0
3
0
1
1
1
2
2
2
0
0
0
1
0
0
0
2
3
0
1
2
1
0
1
0
2
0
2
0
0
0
2
2
0
1
1
1
3
1
0
0
2
2
1
2
1
0
0
2
0
0
0
0
2
2
0
0
1
0
1
0
0
1
0
1
3
2
1
10
7
14
9
22
16
20
13
19
12
9
2
3
0
1
1
3
1
2
1
1
0
2
1
1
2
1
0
0
0
1
1
0
1
1
0
1
0
1
1
0
2
2
0
1
4
0
1
4
0
1
2
1
1
1
0
1
0
0
1
0
0
0
1
0
0
1
0
0
0
2
0
2
0
0
1
0
0
1
0
1
0
0
2
1
1
1
0
0
1
3
0
1
0
0
1
0
0
0
0
0
2
0
0
0
0
2
0
1
0
2
0
1
2
0
0
0
1
0
1
0
1
0
1
0
0
1
1
1
1
0
0
0
0
0
1
1
0
2
0
1
1
0
1
0
0
1
3
1
1
0
0
1
0
1
0
0
1
0
1
2
0
1
0
1
1
0
1
0
0
2
0
1
0
1
1
2
0
1
1
0
1
1
0
1
0
2
0
1
2
0
1
1
1
0
0
1
1
2
0
0
1
3
2
4
0
1
1
0
0
0
4
2
0
3
2
3
1
0
0
0
2
0
2
3
1
1
0
0
0
0
0
1
0
0
0
0
0
1
1
1
0
0
0
0
0
0
1
1
1
3
0
0
2
0
1
1
0
2
0
0
0
1
0
0
1
0
0
3
0
0
0
0
0
0
1
0
1
1
1
1
0
1
0
0
0
2
0
5
6
6
9
19
22
34
34
33
30
34
26
16
14
6
5
1
0
2
2
0
0
0
1
0
0
0
1
0
0
0
1
0
2
1
0
0
2
1
2
0
0
2
0
3
0
2
1
0
1
0
0
0
0
1
3
1
0
1
1
0
0
1
0
2
1
0
1
1
2
2
1
2
1
1
2
0
1
1
0
0
0
1
0
0
0
2
1
0
0
1
1
0
1
0
1
0
1
1
0
1
1
2
0
1
1
0
0
0
0
1
0
1
0
1
1
0
1
0
2
1
2
1
0
0
0
1
1
0
2
0
0
0
1
0
0
2
2
0
0
0
0
0
2
1
1
0
3
0
1
1
1
0
1
0
0
2
0
0
0
0
0
1
0
1
1
1
0
0
2
0
0
1
2
1
0
0
1
2
0
0
1
1
1
1
1
1
0
0
0
1
1
0
0
1
0
0
0
0
1
0
0
1
1
1
0
0
1
0
2
0
2
0
0
0
0
0
0
1
1
0
1
0
0
1
1
1
0
0
0
0
0
0
1
0
1
0
0
0
2
0
0
2
0
0
0
0
0
0
2
1
1
0
1
1
1
0
0
1
0
0
2
0
0
0
0
0
2
0
0
0
1
0
0
0
1
2
1
2
1
2
0
0
2
0
0
0
2
0
0
0
0
1
0
0
1
1
1
0
1
0
2
1
1
2
1
2
1
0
1
0
2
0
2
0
0
1
0
0
3
0
1
1
2
0
0
1
1
0
0
3
1
1
1
1
0
1
1
0
0
1
0
2
0
1
0
2
0
1
0
1
0
0
1
0
1
0
0
1
0
0
0
1
0
0
0
0
0
1
0
2
0
1
0
0
0
1
0
2
0
0
0
0
1
0
2
1
1
0
0
0
2
0
2
1
0
0
1
0
0
1
1
2
0
0
0
2
0
0
0
0
0
0
0
0
0
1
0
1
0
1
2
1
0
0
0
0
0
0
0
2
1
0
1
0
0
0
0
1
2
0
2
1
0
0
0
0
0
0
2
1
0
0
2
0
3
0
0
0
0
2
1
0
0
0
0
1
1
0
0
0
0
0
0
0
1
0
0
0
0
0
0
0
0
0
0
0
1
2
0
0
1
0
1
1
0
1
0
0
0
0
0
1
0
0
0
1
0
1
0
2
2
0
0
0
1
0
0
0
1
2
0
1
2
0
2
0
0
2
0
1
1
0
1
0
0
1
2
0
0
0
0
0
0
1
0
1
2
0
2
1
0
0
0
0
1
1
0
1
1
0
1
0
0
0
1
1
0
1
0
1
0
5
1
1
1
0
0
1
0
0
0
0
0
1
1
0
0
0
0
0
0
1
0
0
1
0
0
0
1
0
2
1
1
1
1
0
0
0
0
1
0
0
0
2
0
1
1
0
0
1
0
1
1
0
0
0
0
0
0
1
0
0
0
0
3
1
0
1
0
0
0
0
0
0
1
0
1
0
0
0
1
1
0
1
0
0
0
0
2
0
0
0
1
1
2
1
2
0
4
4
6
2
10
9
6
6
6
3
0
1
1
0
0
0
0
0
1
0
0
1
1
0
0
1
0
0
0
0
0
0
1
0
0
0
0
0
1
0
0
0
0
1
0
1
1
0
0
1
0
0
1
0
0
0
0
0
1
0
0
0
0
0
1
0
0
0
0
1
0
0
1
0
0
1
0
0
0
1
0
1
1
1
0
0
0
0
1
2
0
0
2
0
0
1
2
0
0
0
0
0
0
0
0
0
0
0
1
0
0
0
1
1
0
0
0
0
0
1
0
0
1
1
1
0
1
1
0
0
0
0
0
0
1
0
0
1
0
1
0
0
0
0
0
0
1
0
0
0
0
1
1
0
0
0
0
3
1
1
0
1
0
0
0
0
1
1
0
1
1
0
0
0
0
1
0
0
1
1
0
1
2
0
0
1
0
1
0
1
0
1
0
1
1
0
2
1
0
0
0
0
0
1
0
0
1
0
0
0
0
0
0
0
0
1
0
0
0
0
0
0
0
1
0
0
0
0
0
1
1
0
2
1
1
0
1
1
0
1
0
0
0
0
1
0
0
0
0
1
0
0
0
0
0
1
0
0
0
0
1
2
0
0
0
0
0
0
1
0
0
1
0
1
1
1
0
0
0
1
0
1
1
0
0
0
0
0
0
0
0
0
0
0
0
1
1
1
1
0
0
0
0
2
0
1
0
1
0
2
0
0
0
1
0
0
1
0
1
1
1
1
2
1
0
0
0
0
0
0
1
0
1
1
1
0
0
2
