Nom du fichier: D069D3_2K.Chn
Date: 13Feb131
Heure: 115109
Temps réel (s): 1677.9
Temps vivant (s): 1545.34
Dead time: 7,90 %
Offset des données: 0
Longueur des données: 8192
Coefficients de calibration énergie: -1.0710616, 0.4293532, 0.0
Coefficients FWHM: 3.8337736, 8.2997483E-4, 3.6484817E-30
Coefficients de forme des pics: 7.934235E-39, 0.0, 0.0
Description du détecteur: MCB 129
Description de l'échantillon: 

Données du spectre (entiers):
0
0
0
0
0
0
0
0
0
0
0
0
0
0
0
0
0
0
0
0
0
0
0
0
74
2072
2256
2235
2087
2145
2044
2130
1983
1975
1955
1858
1881
1886
1787
1802
1778
1746
1707
1769
1599
1737
1644
1683
1660
1565
1653
1620
1557
1586
1542
1602
1504
1496
1423
1457
1563
1492
1461
1397
1382
1416
1413
1433
1338
1405
1375
1323
1345
1357
1321
1319
1302
1334
1317
1344
1304
1308
1302
1297
1281
1257
1292
1310
1208
1211
1260
1238
1213
1313
1219
1218
1206
1208
1241
1175
1239
1253
1200
1197
1297
1167
1179
1214
1214
1246
1246
1267
1280
1138
1127
1170
1164
1167
1211
1214
1240
1203
1145
1212
1150
1274
1241
1181
1206
1197
1193
1207
1156
1183
1183
1271
1237
1193
1168
1181
1161
1196
1186
1192
1180
1076
1209
1159
1174
1172
1205
1298
1198
1175
1188
1224
1210
1235
1220
1189
1264
1223
1278
1188
1201
1220
1168
1231
1261
1275
1328
1255
1463
1636
1582
1429
1293
1246
1231
1254
1267
1227
1285
1269
1220
1255
1217
1282
1186
1284
1234
1241
1228
1201
1258
1279
1284
1295
1407
1250
1344
1339
1276
1330
1338
1278
1328
1256
1312
1372
1298
1347
1302
1286
1326
1381
1396
1424
1715
2186
2596
2404
1983
1564
1295
1296
1298
1284
1262
1248
1229
1250
1337
1374
1262
1252
1256
1331
1327
1298
1454
1467
1568
1670
1491
1361
1302
1270
1285
1243
1270
1247
1306
1215
1259
1291
1256
1243
1317
1287
1262
1269
1255
1329
1263
1293
1342
1320
1354
1309
1260
1331
1355
1270
1302
1347
1284
1239
1233
1279
1319
1374
1551
1677
1684
1540
1441
1399
1308
1315
1256
1282
1364
1296
1280
1297
1355
1304
1349
1302
1295
1326
1338
1297
1359
1403
1370
1335
1331
1338
1301
1324
1376
1279
1298
1306
1275
1365
1320
1319
1301
1361
1342
1328
1358
1360
1335
1284
1255
1339
1304
1307
1350
1279
1271
1370
1305
1316
1285
1299
1337
1318
1311
1283
1327
1333
1320
1291
1309
1398
1352
1281
1250
1335
1317
1304
1317
1311
1263
1302
1261
1274
1312
1327
1274
1351
1255
1364
1250
1299
1278
1349
1249
1257
1364
1298
1267
1259
1249
1259
1307
1216
1282
1334
1528
1710
1911
1757
1554
1468
1273
1327
1215
1330
1272
1269
1301
1440
1394
1295
1332
1236
1280
1241
1232
1236
1315
1307
1285
1231
1283
1349
1328
1241
1274
1291
1299
1217
1238
1273
1256
1302
1267
1310
1295
1308
1201
1262
1226
1224
1294
1282
1302
1211
1269
1159
1233
1319
1252
1260
1316
1319
1313
1276
1285
1249
1253
1282
1344
1299
1321
1377
1345
1326
1338
1398
1425
1457
1383
1403
1496
1381
1489
1500
1555
1472
1575
1530
1543
1446
1510
1501
1492
1539
1473
1520
1480
1486
1497
1551
1516
1565
1472
1450
1507
1549
1499
1515
1535
1560
1513
1486
1541
1525
1485
1556
1460
1520
1497
1473
1544
1489
1523
1519
1518
1467
1479
1480
1453
1467
1456
1462
1457
1475
1530
1407
1450
1474
1491
1422
1433
1455
1458
1439
1493
1456
1466
1423
1457
1566
1385
1443
1405
1420
1385
1404
1403
1438
1472
1457
1425
1357
1446
1344
1421
1407
1423
1389
1352
1374
1380
1377
1325
1327
1378
1366
1326
1381
1331
1333
1365
1328
1332
1319
1378
1358
1298
1334
1325
1350
1255
1277
1216
1309
1299
1331
1296
1287
1314
1297
1240
1285
1278
1292
1189
1203
1270
1289
1301
1265
1255
1197
1211
1219
1224
1225
1185
1260
1205
1212
1189
1193
1205
1270
1197
1176
1209
1206
1215
1148
1152
1212
1219
1177
1104
1272
1208
1206
1185
1180
1211
1152
1101
1192
1150
1165
1142
1185
1128
1197
1108
1189
1193
1151
1121
1166
1136
1159
1077
1151
1126
1131
1052
1111
1115
1184
1123
1147
1138
1177
1198
1294
1350
1284
1139
1103
1141
1123
1129
1098
1105
1073
1062
1067
1127
1118
1077
1060
1103
1065
1087
1102
1117
1084
1056
1126
1056
1029
1029
1087
1112
1129
1097
1125
1088
1099
1033
1056
1098
1064
1054
1083
1095
1075
1078
1087
1055
1012
1083
1049
1110
1070
996
1041
1058
1072
1142
1029
1063
1060
1088
1036
1060
1104
1098
1100
1009
1030
1063
1039
1070
1080
1023
1106
1089
1025
1040
1019
1101
1059
1083
1009
1076
1071
1080
1027
1051
987
1005
1028
1014
1088
1173
1352
1938
2457
2519
2097
1615
1187
1132
986
1010
1016
1015
1006
974
1025
1029
1001
1017
1029
1029
1061
1015
1058
1027
1029
1036
1019
1016
1036
1017
941
1019
1038
1034
975
1012
990
927
993
1046
991
1038
1014
1015
995
972
1050
948
981
949
952
984
1005
953
985
901
991
1018
1027
1085
1032
967
1006
938
956
949
988
953
968
945
957
936
888
958
914
953
1012
994
1011
923
961
958
876
973
952
980
943
947
954
948
956
925
942
930
938
980
944
988
1153
1165
1161
1107
1023
972
933
924
929
905
964
937
910
935
926
936
960
929
920
911
879
939
907
889
912
903
906
928
893
918
879
936
969
896
913
863
882
896
937
881
867
925
926
899
870
931
878
888
941
926
830
865
882
900
837
887
881
868
856
882
816
846
904
923
918
910
892
863
844
869
896
887
920
901
855
795
900
885
881
863
833
875
827
904
860
915
870
894
840
876
868
888
847
919
900
878
866
894
904
867
848
901
899
886
870
853
817
907
843
913
860
901
891
821
894
882
892
902
857
813
910
845
905
864
899
906
833
867
867
918
909
954
852
883
883
820
829
855
817
858
847
825
838
780
829
818
837
848
835
845
887
828
852
877
862
836
865
848
838
841
841
843
839
837
861
832
850
832
855
891
854
832
841
824
837
830
838
852
785
851
845
768
829
826
880
826
843
847
948
854
990
996
964
832
867
876
808
845
823
791
780
860
820
834
803
815
835
832
851
826
834
865
828
849
835
848
795
850
890
791
831
825
868
808
815
829
868
810
847
838
833
898
823
855
855
818
804
813
814
837
829
839
827
859
827
809
845
811
797
829
850
791
830
858
866
807
846
795
769
769
858
828
847
812
891
848
845
856
827
881
825
775
830
834
790
842
846
808
860
844
817
780
784
837
795
821
819
780
743
771
857
843
862
896
875
834
838
816
873
793
822
819
813
794
807
785
844
819
881
858
812
884
853
796
843
802
834
877
825
811
835
806
835
820
861
804
838
813
848
818
797
841
825
863
852
836
833
793
853
857
869
898
854
913
1034
1226
1401
1670
2077
2167
2316
2203
1900
1517
1348
1153
942
916
877
885
807
841
843
871
839
801
853
834
854
821
811
776
848
855
858
787
834
844
802
808
813
840
849
819
857
856
856
848
828
866
806
861
863
802
829
882
831
847
872
839
819
842
800
824
877
765
820
844
829
885
825
877
843
864
801
838
897
857
858
835
889
805
809
820
804
821
877
852
896
912
850
902
912
853
808
897
880
862
842
874
847
866
884
844
827
825
879
846
807
898
835
903
879
847
850
905
888
901
814
869
852
905
876
882
867
874
876
889
872
879
862
887
872
864
830
923
892
956
920
915
877
907
886
903
825
879
897
871
937
913
883
820
883
905
851
884
926
895
930
942
946
932
986
937
939
860
881
909
917
902
967
915
938
895
894
905
1011
915
893
967
918
938
887
867
969
947
894
956
941
947
1027
983
966
941
927
988
1000
983
985
978
1055
964
965
959
1015
1000
1007
974
954
1011
1018
1045
993
975
967
1030
1020
1019
1047
1008
1042
1012
1009
1001
994
1079
1045
1132
1037
999
1043
1002
1057
1039
1053
1073
1016
1076
1026
1023
1124
1038
1064
1095
1101
1035
1077
1095
1130
1049
1125
1058
1055
1103
1130
1142
1212
1172
1207
1183
1124
1107
1163
1142
1167
1129
1155
1123
1133
1123
1123
1094
1082
1159
1175
1125
1098
1131
1131
1086
1194
1167
1104
1114
1229
1148
1168
1170
1149
1183
1163
1228
1190
1219
1298
1262
1243
1190
1200
1163
1198
1235
1168
1134
1212
1169
1239
1174
1125
1261
1219
1170
1232
1214
1203
1174
1231
1151
1144
1201
1182
1184
1161
1238
1176
1113
1149
1163
1122
1093
1089
1064
1075
1031
1061
1077
1032
976
972
950
988
926
913
849
901
854
902
845
868
818
875
813
805
767
779
803
765
775
807
793
781
748
769
781
786
814
769
785
745
828
757
805
763
779
787
733
713
729
758
696
751
712
729
720
733
755
690
704
698
700
727
672
714
660
678
687
635
670
712
707
656
677
654
703
669
661
651
662
682
670
658
710
603
633
663
662
657
680
617
633
634
600
687
666
593
627
671
609
588
566
621
610
596
618
580
625
610
643
596
623
622
614
618
575
569
616
567
590
604
578
544
534
564
590
579
552
565
552
583
512
575
550
552
486
547
525
577
547
572
520
543
531
538
550
488
519
547
512
522
469
502
495
511
534
523
599
560
590
513
552
466
459
509
485
500
509
483
474
465
459
461
494
467
467
445
510
463
445
432
504
427
435
443
468
467
485
453
444
457
466
436
427
399
457
452
432
419
426
429
419
398
421
387
427
447
422
401
413
406
381
381
432
400
429
383
386
387
371
398
395
396
360
406
415
413
390
369
402
376
426
402
412
373
373
373
417
386
346
373
342
363
390
412
361
357
340
386
364
357
385
440
445
469
553
539
478
431
394
367
389
364
355
353
344
378
331
360
340
358
351
341
346
362
359
352
339
364
352
352
362
340
348
330
345
360
374
366
386
331
348
349
371
363
359
360
331
345
359
374
354
357
356
325
323
349
349
358
331
349
335
347
367
343
365
383
346
319
341
356
345
371
329
352
318
340
386
434
468
474
437
392
430
384
342
340
336
348
359
355
351
375
365
332
317
338
358
354
364
336
338
343
349
301
306
334
316
355
329
326
332
362
343
361
359
314
346
334
334
333
353
311
338
355
361
346
316
371
357
313
343
388
295
336
340
330
322
326
324
349
334
319
357
351
314
369
336
344
354
319
322
320
337
342
345
336
321
337
290
343
329
327
311
332
364
344
358
349
342
375
335
333
364
353
337
341
309
336
330
343
349
347
359
375
369
370
358
374
321
362
328
336
369
314
352
350
378
387
380
426
579
615
727
1015
1517
2393
3242
3555
3703
5273
11576
25808
47986
68117
74223
61615
38737
19116
7522
2447
879
399
305
251
251
250
217
237
255
217
252
249
251
255
225
261
257
287
275
287
296
260
236
240
253
225
225
242
228
212
221
236
227
194
213
204
218
233
217
233
229
223
246
234
224
240
228
248
225
246
283
205
240
219
232
236
221
219
253
244
236
227
240
224
247
232
240
247
201
215
257
229
201
215
185
209
236
232
225
242
217
222
237
237
239
248
251
213
252
226
251
247
226
261
208
249
224
223
222
221
239
230
221
219
261
235
226
196
226
223
235
283
218
228
263
272
243
223
216
235
250
210
211
199
236
219
234
225
207
244
207
215
224
213
221
242
206
231
204
255
219
230
261
233
251
239
226
226
216
235
236
253
248
217
215
206
223
201
229
222
229
224
239
223
241
229
217
239
260
235
243
262
230
232
226
237
237
267
249
233
257
226
255
290
280
294
252
259
257
239
224
232
221
242
237
265
261
248
262
252
246
236
218
251
217
249
247
215
209
220
256
246
225
226
266
245
229
249
228
243
247
235
223
245
217
240
241
250
237
233
228
262
234
215
230
224
229
230
251
255
265
246
241
251
212
258
205
219
244
263
233
239
251
224
240
229
247
249
254
250
237
263
279
288
358
410
401
394
342
290
271
258
242
244
190
271
218
241
228
248
257
259
240
233
252
265
236
241
248
220
251
203
243
257
215
248
258
237
258
235
235
216
276
243
220
260
227
241
228
256
263
246
243
245
254
243
251
232
213
268
233
250
249
241
250
252
227
227
249
249
241
255
243
255
271
256
251
241
253
223
252
245
256
254
243
243
242
257
246
220
253
227
255
274
225
240
254
228
240
269
238
251
226
256
270
247
244
262
254
261
257
244
231
260
254
256
236
235
269
281
269
466
594
905
1199
1286
1101
840
536
379
287
303
268
235
274
229
263
277
247
264
254
226
245
226
252
271
269
258
243
285
273
282
274
253
252
254
257
243
260
244
268
274
249
260
275
251
279
268
266
269
256
247
236
267
265
258
284
295
272
307
272
296
301
252
253
265
262
281
289
260
264
269
246
277
254
251
256
255
281
277
249
262
268
242
240
268
285
293
250
285
256
272
287
318
282
248
263
259
238
271
273
286
284
279
285
271
276
252
278
269
257
275
281
276
252
242
289
280
285
277
265
280
260
288
302
266
273
299
266
283
301
282
256
275
278
282
286
276
269
248
251
296
248
270
261
290
288
280
252
292
268
294
273
244
279
267
252
273
281
303
283
272
324
295
284
280
308
250
286
266
305
257
279
276
309
298
267
255
293
309
298
312
375
400
402
390
355
339
290
298
312
292
285
307
342
289
331
341
350
382
343
319
339
283
279
320
310
297
279
297
304
295
276
314
309
274
286
323
311
293
296
312
308
339
300
286
295
287
306
310
290
303
311
325
289
314
308
295
336
288
286
303
305
308
313
304
307
334
325
312
289
300
294
320
311
322
304
285
306
334
307
339
299
304
307
310
292
287
318
316
327
290
312
339
340
286
300
270
316
317
309
302
331
299
299
300
299
310
317
310
308
318
309
294
316
313
310
321
321
340
309
329
311
338
299
315
336
334
329
286
304
296
343
300
319
355
336
336
323
314
313
289
292
305
303
281
289
315
280
310
305
286
300
291
246
264
261
259
286
289
270
280
298
258
277
281
289
268
272
270
257
296
270
256
278
247
274
253
268
303
267
255
270
246
249
261
229
250
260
244
251
279
270
251
265
268
259
264
277
296
252
285
261
233
257
261
263
278
279
265
250
288
274
285
270
264
281
261
262
273
257
238
250
268
271
266
248
246
233
264
268
243
280
251
259
269
277
257
235
259
271
248
266
273
260
223
262
236
259
264
255
250
263
251
265
260
235
257
246
258
241
272
262
266
248
267
230
262
238
246
258
276
253
260
241
239
246
249
233
231
246
267
250
229
250
271
251
212
252
255
251
251
225
264
241
271
245
255
254
267
233
241
268
269
249
240
255
224
237
228
232
246
230
240
210
254
276
195
228
225
219
235
239
232
244
211
221
228
240
234
251
218
246
253
222
190
216
229
266
214
241
207
232
252
256
278
267
268
263
249
231
238
243
256
234
220
204
216
214
223
208
225
233
231
203
214
212
221
239
219
214
234
226
220
220
231
219
216
209
236
217
253
249
212
237
221
207
224
210
246
233
216
207
222
226
212
241
198
190
254
228
233
258
243
203
222
218
231
245
277
278
307
318
408
402
479
476
465
441
363
345
286
302
278
311
329
470
538
626
710
575
456
352
277
217
225
217
238
199
217
208
225
187
233
209
230
227
225
207
208
211
207
232
186
219
219
248
218
210
206
226
219
218
242
257
229
241
239
248
231
243
285
375
515
682
824
938
751
561
437
328
230
223
240
237
263
297
338
362
437
468
416
413
359
282
287
275
234
264
208
210
231
242
232
238
193
218
196
206
218
222
232
215
208
216
215
216
246
209
220
218
207
216
242
212
242
238
218
211
205
205
206
236
233
226
224
213
221
237
249
199
228
226
239
231
231
219
230
238
196
210
219
204
233
228
224
218
226
202
244
233
192
230
223
211
208
215
266
238
230
229
226
207
207
224
216
217
230
249
222
233
194
232
181
199
239
227
239
230
213
233
224
226
236
246
222
199
223
256
225
240
228
227
233
244
210
214
205
238
248
229
216
211
215
203
234
190
239
236
216
212
213
224
205
248
217
236
240
210
220
232
201
214
225
254
255
222
211
259
243
247
230
250
272
353
605
1124
2365
4652
7193
9497
10136
8801
6333
3766
1892
887
436
301
265
273
221
217
249
236
204
206
238
220
237
228
223
212
214
237
253
224
235
209
225
224
211
219
209
215
222
245
236
239
209
225
221
219
214
258
238
222
222
228
246
255
251
229
207
241
236
241
228
262
213
255
225
233
213
221
238
220
214
231
229
222
214
214
234
238
234
235
229
254
227
211
221
239
235
236
248
259
244
232
245
239
228
254
241
238
247
230
244
254
225
239
242
254
217
236
229
249
235
229
259
236
223
243
245
254
224
271
246
248
255
240
260
254
232
258
269
236
253
239
236
246
253
228
220
244
216
269
232
258
247
238
248
267
237
278
232
259
271
303
403
640
889
1173
1456
1364
1203
824
594
424
276
235
266
254
250
241
221
272
239
216
246
231
261
291
236
233
237
238
234
259
232
255
261
282
234
270
298
253
258
237
227
266
254
265
239
260
270
245
258
231
268
266
269
269
266
303
261
276
237
285
277
262
256
265
284
282
264
282
256
278
268
254
292
249
243
290
250
225
294
242
263
246
275
293
275
271
281
254
285
275
266
266
254
288
300
262
302
285
287
272
291
266
289
272
273
290
277
302
276
308
291
292
281
291
281
280
262
308
268
305
283
279
298
296
268
293
290
290
273
281
294
287
251
294
300
295
326
285
316
274
290
284
304
314
305
290
301
302
279
306
274
299
281
272
316
285
304
282
316
319
300
317
316
317
331
288
302
321
297
296
324
305
346
304
309
325
349
345
285
319
343
354
306
302
321
337
347
315
315
334
326
340
333
303
291
313
292
346
329
328
355
304
347
386
302
335
339
291
327
337
348
356
428
550
630
804
874
788
631
568
405
397
362
349
305
326
294
351
322
309
359
354
345
354
312
320
308
340
344
353
320
343
318
342
333
342
327
362
323
369
373
345
352
331
345
409
365
373
374
369
383
350
351
335
350
354
354
370
337
362
380
358
370
361
380
371
362
370
319
370
371
359
373
332
328
340
349
330
327
291
329
347
310
336
299
322
319
304
294
306
322
285
292
318
315
316
300
318
332
289
318
273
328
318
284
303
277
292
283
283
282
301
292
327
328
335
330
313
280
315
308
323
287
301
290
321
297
286
295
266
289
271
276
297
282
270
315
290
333
291
272
295
295
347
272
277
292
277
253
246
266
246
299
305
239
259
266
229
269
272
250
251
253
253
229
234
251
261
230
262
248
274
279
304
293
260
263
237
270
259
250
273
291
357
373
406
403
431
416
378
321
306
298
258
279
204
242
228
224
207
233
241
215
232
201
265
217
239
215
235
223
212
231
227
202
219
205
206
236
192
222
192
201
222
231
196
230
201
221
219
209
205
207
193
220
195
202
216
209
211
202
186
178
195
219
220
195
186
200
174
221
198
190
219
179
212
182
186
181
198
220
194
190
189
191
222
216
201
182
188
170
182
175
203
169
182
182
191
188
199
184
202
196
178
195
190
163
168
181
152
183
173
155
174
177
161
161
167
185
178
175
163
172
154
169
177
194
173
148
161
152
153
167
163
170
155
153
130
128
132
158
145
159
144
161
184
145
138
162
163
160
156
160
174
157
154
124
156
128
160
125
123
143
150
143
153
143
151
132
144
149
147
126
126
141
141
128
139
141
132
140
136
123
140
144
128
109
148
131
108
129
114
134
110
126
118
115
126
129
113
132
102
99
129
136
113
106
122
132
125
102
108
131
132
123
94
132
122
129
124
136
114
117
97
113
91
129
95
96
101
103
104
109
122
96
125
108
94
104
101
109
114
98
115
118
134
119
114
111
98
94
103
113
103
108
86
105
101
112
115
112
107
118
97
104
119
113
103
92
105
89
101
114
102
99
96
95
75
99
91
103
86
112
103
111
98
86
105
88
85
112
95
113
101
99
89
86
101
105
96
86
96
120
120
114
125
152
231
318
371
384
364
309
241
171
105
111
102
104
114
118
83
90
109
99
115
106
108
96
88
102
95
94
105
106
113
92
95
107
89
112
116
100
107
93
105
89
107
97
94
117
107
108
101
97
107
92
116
105
114
119
124
110
111
88
97
102
114
101
93
94
86
112
103
91
112
87
113
103
100
107
101
83
104
105
93
111
97
90
105
103
97
97
119
118
117
110
114
108
106
110
97
112
97
106
91
117
116
127
118
181
193
434
886
1942
3465
6260
9396
11826
13161
11909
9053
5782
3089
1424
647
256
134
110
100
101
97
105
109
91
110
103
106
91
82
85
70
99
71
80
90
95
106
95
91
93
99
99
94
105
89
89
93
101
94
95
113
112
98
98
105
108
86
108
100
95
94
91
77
98
105
87
90
105
108
123
91
110
110
126
172
315
613
1185
2307
4098
6144
8308
9301
8960
7059
4695
2649
1313
534
270
135
104
103
96
87
76
82
98
85
98
88
85
84
88
102
68
103
101
84
76
103
82
103
98
104
90
83
80
84
85
92
82
78
89
102
89
80
100
92
74
86
79
84
93
71
90
88
96
100
95
108
100
111
96
88
105
102
98
79
80
114
78
93
102
93
92
91
87
106
106
108
84
98
110
105
84
91
89
95
99
97
95
78
99
116
93
81
101
94
94
95
95
91
87
97
104
94
110
95
99
90
99
107
120
99
113
96
106
104
104
93
106
104
96
101
115
93
98
110
90
106
103
110
106
111
89
114
107
105
102
102
93
84
87
90
107
85
88
103
98
85
95
83
101
101
108
119
85
110
103
116
90
96
95
108
118
105
96
105
90
101
85
76
101
98
78
93
78
74
71
81
99
68
90
111
84
87
82
84
72
102
92
79
71
89
81
87
108
78
82
88
93
89
77
79
86
59
91
86
82
70
76
73
70
91
74
66
77
67
73
76
66
87
47
70
81
81
85
91
68
93
71
94
67
97
74
78
77
64
89
73
88
84
68
83
91
78
77
74
79
61
77
86
78
71
62
71
79
80
84
75
77
71
65
88
67
88
81
80
79
80
58
74
75
77
79
73
95
82
75
61
55
73
81
60
81
61
83
72
66
63
75
78
71
84
75
68
59
66
87
74
56
80
66
61
70
52
76
65
61
66
80
63
60
79
71
69
62
70
74
59
55
83
59
72
56
74
76
74
70
79
68
66
74
60
61
68
61
59
62
60
54
60
67
55
61
58
61
73
68
64
67
61
68
60
65
67
66
55
67
65
73
65
67
68
61
57
57
70
69
56
64
62
51
60
64
69
60
58
68
61
63
73
62
47
59
68
52
60
66
62
66
70
65
72
58
60
58
56
63
54
63
67
50
57
63
52
67
63
54
54
51
66
56
60
65
65
39
58
51
56
54
69
56
48
48
59
56
61
56
47
58
63
51
64
54
54
61
56
48
54
56
56
56
52
53
53
56
44
46
67
42
57
56
60
41
60
64
47
61
51
60
48
64
65
68
69
69
63
64
60
79
68
68
79
62
75
45
54
35
56
60
52
48
50
59
38
42
43
59
58
57
57
52
46
53
51
61
54
67
50
48
49
66
44
49
58
47
66
57
73
59
59
65
52
58
39
53
43
51
54
60
62
64
46
45
52
60
52
42
53
49
39
39
42
55
54
56
39
65
46
35
42
48
44
40
48
54
50
40
49
48
56
59
51
49
40
61
48
52
57
58
60
47
29
47
52
58
59
48
54
45
56
49
50
66
46
44
49
54
58
60
62
44
52
56
56
54
51
51
57
53
58
52
48
54
55
51
61
41
57
57
48
50
40
48
51
48
41
39
49
52
60
53
47
47
41
53
44
47
45
43
47
56
44
49
77
61
38
41
46
60
43
48
51
35
48
50
49
53
53
43
50
52
48
61
46
50
48
47
46
48
40
37
41
43
52
49
58
48
53
53
57
55
29
51
46
59
45
33
51
55
35
42
51
46
47
45
45
48
44
48
57
50
52
47
57
37
55
44
39
37
47
53
58
51
61
49
74
103
164
294
533
1007
1629
2565
3523
4112
4136
3554
2628
1672
867
462
220
97
67
49
48
61
54
50
60
43
50
40
54
42
45
31
49
38
49
42
40
37
41
53
42
32
35
37
41
36
47
43
47
33
44
48
47
45
35
47
32
39
51
39
52
41
47
54
48
41
48
42
32
60
40
37
46
44
54
47
41
32
49
35
51
48
43
49
54
56
59
50
57
64
57
41
46
50
47
48
56
46
37
44
50
33
32
46
33
43
49
31
52
43
37
37
46
54
49
38
32
32
49
51
44
50
44
50
49
45
41
33
50
41
48
64
49
50
60
55
70
81
67
67
68
45
56
53
49
33
43
45
54
58
49
41
42
56
38
62
50
43
50
37
48
50
43
47
31
41
37
41
39
51
39
51
49
32
56
43
58
54
46
43
45
40
51
46
53
40
36
50
61
40
48
54
51
42
49
38
47
44
48
35
52
43
47
46
41
30
38
49
42
46
52
41
52
45
60
56
46
39
53
48
48
49
59
47
54
41
42
41
50
39
41
40
47
50
49
49
63
45
37
42
39
54
50
46
52
56
49
42
57
40
60
47
53
39
54
50
49
49
57
45
56
58
47
51
33
44
49
52
39
42
39
48
52
49
50
44
46
51
29
51
38
54
47
55
51
51
49
57
50
46
52
42
46
54
56
54
58
57
42
54
37
47
46
60
70
104
143
199
266
317
416
493
568
532
527
461
371
285
202
166
104
82
73
67
61
60
50
58
67
69
50
65
39
60
49
43
50
51
48
51
63
64
49
68
70
41
66
35
75
63
49
54
45
61
62
45
64
55
52
38
51
56
54
40
50
62
56
45
56
52
51
52
58
46
50
56
47
47
57
46
51
46
57
55
51
60
49
47
54
52
44
41
57
58
68
37
51
52
44
61
51
48
52
44
53
59
35
53
52
68
61
58
64
54
47
60
58
50
53
40
54
41
42
46
52
62
44
46
56
50
51
53
61
61
56
49
45
48
46
56
57
54
59
55
64
44
52
56
54
69
43
47
44
53
71
69
52
46
45
58
46
65
62
60
63
54
57
58
45
48
47
36
46
53
52
58
61
54
46
55
49
64
71
49
81
55
53
55
57
54
43
55
51
64
47
50
68
57
52
58
56
52
58
60
58
51
57
59
53
44
38
69
61
52
50
53
63
57
47
64
70
50
63
60
56
60
49
46
61
58
57
60
60
42
60
52
54
58
60
62
49
59
48
66
59
61
65
60
70
40
54
63
44
57
42
60
61
64
51
69
55
62
58
66
47
63
55
49
38
55
62
59
54
69
62
61
57
71
63
66
54
58
51
69
62
56
62
52
62
56
56
68
64
54
66
67
45
57
52
63
48
72
58
65
64
79
64
61
53
71
52
65
51
52
56
64
57
53
52
53
70
60
64
63
68
53
67
58
60
49
61
57
77
56
64
73
50
59
68
57
57
67
58
64
68
66
53
53
60
69
45
63
64
68
49
73
67
58
65
61
67
68
53
56
52
57
53
64
68
43
52
78
45
64
61
73
56
66
76
55
70
68
58
52
60
74
64
70
72
61
67
55
71
69
73
75
59
63
66
59
76
49
60
58
64
73
66
66
65
67
75
72
74
52
74
69
66
64
76
63
67
58
49
64
73
63
62
77
61
67
68
63
85
62
75
84
70
73
92
85
84
80
71
68
80
71
63
69
85
68
64
77
80
74
64
64
56
68
62
75
76
68
71
67
68
80
66
69
72
84
82
76
61
59
47
76
64
65
86
73
66
79
79
81
61
69
69
86
66
81
73
82
73
81
81
74
61
89
80
81
59
79
87
49
57
63
70
72
84
82
63
75
70
77
70
74
84
89
73
52
81
71
79
65
72
68
81
80
83
71
71
63
74
72
77
78
72
73
74
74
72
69
78
81
62
95
68
72
78
75
79
73
63
63
75
81
60
88
75
64
71
75
74
76
84
75
94
92
87
75
88
83
77
65
74
99
56
72
75
62
65
85
68
86
82
79
81
94
77
69
73
82
70
67
92
79
74
81
98
89
71
73
83
84
93
79
89
79
85
78
79
75
83
89
74
93
107
91
85
62
88
82
91
94
77
70
85
120
78
68
84
82
92
75
86
84
89
93
79
82
84
71
70
81
83
84
61
99
90
97
84
82
74
74
81
70
79
85
83
89
100
113
173
217
263
305
343
272
258
184
120
94
58
62
67
48
50
51
57
60
58
63
59
55
62
55
52
53
51
43
62
49
62
64
59
50
48
52
51
50
47
66
55
56
65
53
66
55
41
58
60
68
48
62
45
57
57
46
52
38
53
42
52
51
49
55
51
43
52
55
42
64
52
51
55
49
47
39
49
73
43
44
49
44
45
43
57
55
67
54
58
54
47
42
33
55
55
50
46
54
49
54
43
48
60
49
56
54
49
37
44
37
57
62
46
40
59
43
62
67
49
57
56
53
55
61
48
53
47
60
39
39
51
42
51
54
36
38
49
36
39
40
38
54
41
30
40
34
40
38
26
42
39
42
41
40
41
36
42
36
38
48
43
40
34
46
35
37
34
36
46
38
29
36
43
36
36
29
39
43
36
41
44
40
41
32
43
41
36
30
36
27
32
38
37
33
40
48
37
34
34
41
35
34
31
31
26
26
35
28
34
36
23
38
35
33
30
35
37
32
39
35
31
29
28
29
27
30
34
32
30
25
35
30
30
33
26
40
21
31
29
37
31
27
26
32
30
25
30
28
24
26
22
19
20
26
16
15
31
29
26
19
22
22
16
21
22
26
28
23
17
24
21
31
30
30
25
17
25
19
17
21
15
19
14
19
18
21
21
22
25
19
25
16
23
19
24
14
22
23
24
22
21
10
17
19
20
21
19
19
21
33
25
40
51
75
122
152
208
245
218
227
171
119
69
49
20
17
16
15
14
11
15
16
10
12
15
15
17
12
14
10
9
11
10
17
14
18
7
12
13
9
14
9
16
13
21
10
6
10
11
8
10
8
12
13
16
6
15
15
10
15
9
9
14
14
9
17
10
12
11
18
12
8
11
13
9
11
11
10
13
21
10
18
15
8
10
17
15
17
11
11
14
11
12
11
9
17
16
16
15
12
17
9
9
14
9
12
10
12
15
6
15
10
12
15
7
14
9
11
10
18
13
9
12
11
12
9
5
13
10
11
18
8
19
7
8
9
4
12
13
8
13
10
16
14
12
20
8
9
9
11
16
12
11
13
7
9
12
11
13
9
12
6
14
11
8
8
6
7
9
10
7
13
2
15
10
9
13
12
9
12
9
10
6
13
17
15
11
10
7
13
6
15
18
3
6
7
14
7
8
9
8
8
10
4
7
9
12
11
8
6
8
10
17
12
14
17
12
14
13
17
16
22
27
69
113
208
361
616
1187
1796
2790
3585
4377
4364
4210
3356
2471
1469
783
357
180
69
28
18
8
6
7
6
6
6
4
9
12
6
3
5
1
5
7
5
7
5
2
5
8
4
7
5
6
12
3
5
9
7
7
8
4
5
4
3
4
7
3
4
4
4
7
8
7
4
3
3
3
3
3
1
5
3
4
4
1
8
4
9
4
5
4
11
5
4
4
1
3
3
2
5
3
6
5
0
4
4
6
4
6
5
6
5
4
0
2
2
5
4
6
4
3
6
3
4
4
4
2
2
4
4
7
5
5
5
4
2
3
2
5
2
2
9
7
5
6
4
7
4
1
2
5
6
2
5
2
6
1
6
3
1
3
2
3
1
5
5
5
3
6
3
5
2
2
3
3
5
4
2
1
4
4
3
4
2
3
4
5
5
6
7
4
7
2
3
6
6
5
3
3
5
4
3
4
6
3
6
8
5
2
1
4
2
4
3
5
2
0
5
5
2
3
5
4
3
3
4
4
4
1
2
3
2
5
4
2
6
1
4
6
3
5
2
3
3
3
4
4
4
1
3
1
5
1
3
6
2
4
7
7
11
6
19
6
6
10
5
5
6
4
2
6
7
3
3
1
1
1
1
3
3
3
5
3
4
3
4
4
3
4
1
2
5
5
5
1
4
2
4
3
1
2
0
1
3
5
5
3
2
4
2
1
3
6
3
1
1
4
3
1
4
5
4
1
3
2
5
3
2
2
1
4
3
1
4
1
2
4
2
0
5
3
4
3
3
4
2
4
2
2
2
5
0
2
3
4
3
0
3
7
3
7
3
4
3
6
3
3
2
7
1
2
3
0
1
3
4
5
4
0
3
2
5
2
3
1
1
5
3
4
2
1
2
6
2
1
2
1
4
5
2
3
3
3
2
3
2
3
1
8
2
2
4
2
2
2
5
1
6
6
3
6
5
0
3
1
3
2
2
5
1
1
4
3
5
2
1
2
3
2
4
4
2
4
5
3
1
3
1
3
4
4
3
3
3
1
2
1
3
2
2
3
1
5
4
5
3
2
1
3
2
5
2
4
4
8
5
3
2
4
3
4
3
2
2
5
4
1
4
4
6
8
19
29
36
63
70
96
95
97
84
43
45
29
13
11
3
6
3
1
4
5
3
3
2
2
1
2
2
2
1
1
0
2
4
2
3
1
2
1
0
0
0
2
3
4
1
3
3
3
1
1
4
2
2
2
2
4
0
3
0
1
1
4
0
2
3
0
1
3
3
3
2
3
1
1
2
3
5
4
3
3
6
2
0
2
3
4
0
1
2
1
0
4
2
1
5
1
1
5
4
2
0
0
1
2
0
3
4
2
1
3
3
1
3
1
3
2
2
3
4
1
1
2
4
3
3
2
0
2
2
1
2
2
2
5
3
4
2
0
4
4
0
3
1
0
6
2
2
2
2
5
2
2
0
4
3
3
3
4
2
0
2
2
4
4
2
0
1
4
1
0
1
4
2
1
4
4
1
1
0
3
2
3
6
2
1
2
0
1
5
2
1
1
1
1
3
2
0
0
5
4
0
8
2
3
3
2
0
1
4
2
4
2
2
3
3
5
3
3
2
4
3
4
0
2
2
2
2
3
1
1
2
1
2
1
3
7
1
4
4
2
2
1
3
5
2
5
1
4
3
1
1
2
1
1
4
3
4
5
2
2
3
5
1
3
2
2
1
2
2
3
0
1
2
2
3
3
2
0
1
3
4
0
2
2
1
1
0
2
2
1
11
14
21
40
47
46
69
47
68
49
31
24
12
9
6
3
1
3
3
1
0
2
4
4
4
1
2
2
1
0
1
6
5
0
1
1
2
1
0
3
2
3
5
4
4
4
5
1
4
4
1
5
2
1
1
4
1
2
2
4
1
1
3
2
2
2
3
3
5
3
5
3
1
1
1
1
1
1
2
1
1
3
1
1
3
3
3
4
2
1
1
0
1
4
1
1
5
1
1
3
3
2
5
2
1
2
0
3
1
2
2
2
1
2
1
1
1
4
0
0
2
1
6
3
0
1
3
3
0
0
3
1
2
4
0
0
2
3
5
3
1
4
1
4
3
2
2
3
5
0
3
2
3
1
3
2
3
2
4
6
2
3
2
1
1
1
1
4
2
1
6
1
3
2
0
1
2
1
1
1
0
4
1
1
2
0
2
2
3
1
2
2
0
2
1
5
2
1
2
0
1
2
2
5
2
4
4
1
0
2
1
2
1
2
3
2
0
3
2
0
2
1
1
1
4
1
4
0
1
1
1
3
0
5
1
1
1
0
1
3
1
3
2
4
3
4
3
3
3
3
3
2
3
2
1
1
1
2
1
2
1
1
2
0
1
5
0
3
1
2
1
4
0
2
3
3
0
1
5
2
0
2
2
2
3
0
4
1
3
3
3
1
4
4
1
3
2
4
2
3
0
0
1
0
3
0
0
2
0
2
1
5
3
0
1
1
2
1
3
2
2
3
2
0
1
1
1
2
2
1
2
1
1
3
2
1
0
0
0
4
2
2
0
1
1
1
3
1
2
2
2
2
4
5
3
1
0
1
4
2
3
4
2
1
1
1
2
1
2
0
0
2
4
1
3
3
2
1
1
0
4
0
1
1
0
2
4
0
1
1
1
1
0
1
2
0
2
1
1
2
1
1
2
0
1
1
1
3
2
2
1
1
2
2
3
0
5
1
2
0
1
3
2
2
2
1
0
2
1
2
3
2
2
2
1
2
0
1
0
3
1
1
1
2
0
1
1
1
1
1
1
2
2
0
0
1
3
1
1
1
1
1
1
1
1
2
7
0
0
5
1
1
1
1
2
1
2
1
5
1
0
1
0
0
0
1
1
0
0
2
1
0
2
1
2
1
2
1
3
1
2
0
2
2
2
1
1
0
2
0
2
2
0
1
0
1
0
1
1
1
2
0
4
2
1
2
2
1
0
1
2
2
0
3
2
2
3
1
0
2
0
2
1
1
2
2
1
2
1
0
2
1
1
0
0
2
0
1
0
2
2
1
0
3
0
0
3
2
1
1
2
3
0
2
1
1
2
0
0
2
3
2
1
0
2
1
3
1
2
2
1
3
2
2
2
0
1
1
0
0
3
4
2
1
4
0
1
0
0
1
0
0
2
1
3
2
0
0
1
2
2
0
3
2
0
1
3
1
2
1
1
0
0
2
0
2
1
0
3
0
3
1
1
0
1
1
0
1
0
0
0
0
0
2
0
1
3
1
1
2
2
2
0
3
6
5
6
12
13
23
36
36
44
43
34
31
13
13
6
4
3
0
1
1
3
0
2
1
1
1
0
2
0
1
0
2
1
1
0
1
1
3
1
0
4
1
2
0
2
0
1
2
1
0
2
1
2
1
0
1
0
1
1
3
5
1
1
2
0
0
0
0
0
0
1
0
0
1
0
0
1
1
1
0
2
1
2
1
1
0
0
2
0
1
2
1
2
1
2
0
0
1
1
0
2
2
2
0
0
1
1
1
1
2
2
4
0
0
3
2
0
1
0
0
2
2
3
0
1
1
1
1
0
2
0
1
0
1
1
0
2
1
0
2
1
0
1
2
1
1
2
1
0
0
1
1
2
3
2
2
0
2
2
1
1
3
2
2
3
4
0
3
2
1
2
0
2
0
0
1
0
0
0
0
0
0
1
1
0
0
3
1
0
1
0
1
1
0
2
1
3
2
0
0
1
1
1
2
1
0
0
1
0
2
0
1
2
1
0
2
0
1
0
1
0
1
0
1
1
0
1
2
3
1
1
0
0
1
0
1
3
1
1
1
4
1
1
2
2
1
1
1
4
0
2
0
2
1
0
0
1
1
4
3
3
2
0
0
3
2
5
1
2
0
1
0
1
0
1
1
2
2
0
0
2
0
1
0
2
1
1
1
1
1
0
0
3
2
0
0
1
1
1
4
0
1
3
1
1
1
2
1
3
5
2
0
0
0
2
2
3
0
1
2
4
2
1
3
2
4
0
2
3
2
0
0
0
0
0
0
1
2
3
0
12
