Nom du fichier: Prlvt 2.Chn
Date: 03Sep201
Heure: 120625
Temps réel (s): 86418.4
Temps vivant (s): 86400.0
Dead time: 0,02 %
Offset des données: 0
Longueur des données: 8192
Coefficients de calibration énergie: 0.02581399, 0.2498909, 1.392609E-8
Coefficients FWHM: 2.365561, 0.001095137, -5.387246E-8
Coefficients de forme des pics: 0.0, 0.0, 0.0
Description du détecteur: DET06
Description de l'échantillon: 

Données du spectre (entiers):
0
0
0
0
0
0
0
0
0
0
0
0
0
0
0
0
0
0
0
0
0
0
0
0
0
0
0
0
0
0
0
0
0
0
0
0
0
0
0
0
0
0
0
0
0
0
0
0
0
0
0
0
0
0
0
0
0
0
0
0
6
483
1511
2183
2978
500
209
256
316
375
440
417
423
418
392
369
369
362
369
342
353
369
377
344
327
347
362
346
297
338
360
355
367
344
322
338
328
311
297
334
347
315
363
314
323
350
334
345
329
325
386
489
455
326
346
319
319
326
304
356
334
305
341
321
340
348
291
352
396
336
367
330
356
381
326
364
341
373
400
374
374
396
407
406
418
436
451
432
446
400
477
605
804
667
517
453
432
443
459
471
485
470
465
462
488
477
465
481
507
500
490
522
513
501
552
575
617
567
659
1253
1959
1714
853
642
1045
2226
2872
1752
670
452
410
473
448
395
409
422
466
388
403
383
455
445
588
701
676
549
444
406
523
724
1114
1169
865
513
433
479
706
937
876
568
397
410
584
881
1121
1136
988
679
455
403
378
338
357
315
343
332
342
372
404
379
446
489
405
354
350
354
343
312
332
332
365
305
361
379
456
491
502
397
367
304
337
369
399
381
382
354
332
354
349
344
308
360
325
344
401
357
356
351
407
415
400
350
345
319
363
338
337
332
326
326
354
322
341
335
339
333
351
328
364
318
362
327
371
338
349
332
337
351
381
382
412
410
604
670
532
395
347
355
406
360
367
350
358
339
336
359
336
327
334
383
359
371
320
306
381
391
350
330
385
355
368
347
350
374
321
313
367
358
409
442
376
370
339
334
351
326
377
325
305
334
336
317
346
340
314
350
304
346
342
330
310
323
356
411
470
409
338
319
298
330
332
326
326
343
329
345
337
308
302
291
326
314
326
308
323
305
339
307
340
280
292
299
281
306
318
330
282
310
302
300
317
296
293
302
317
285
312
278
306
306
293
277
312
290
296
266
281
318
277
320
300
314
299
286
282
265
304
265
260
301
259
281
275
287
317
300
294
330
303
384
586
818
820
563
357
319
299
239
272
248
287
287
286
274
278
296
284
304
308
306
295
300
307
259
303
271
271
262
300
278
253
272
291
278
279
291
276
266
267
242
286
273
264
262
258
295
278
286
305
297
279
275
262
242
267
272
311
489
720
699
400
269
247
268
238
247
236
268
240
276
233
247
253
270
291
256
260
256
243
257
261
220
238
228
209
246
236
208
231
218
246
236
234
216
229
217
219
247
237
241
217
222
239
222
238
229
209
222
229
227
217
223
206
234
200
237
235
217
226
244
255
220
250
277
243
271
229
483
1420
3689
5201
3861
1284
339
370
632
724
644
633
552
297
158
169
209
177
188
202
191
173
189
182
191
198
168
165
174
167
182
180
178
146
179
164
181
204
198
197
180
201
171
172
201
177
200
176
185
172
171
190
216
190
182
160
157
164
181
162
184
170
186
203
166
174
166
183
155
179
147
173
146
162
171
151
200
206
299
433
483
453
294
215
190
174
157
151
178
195
157
181
168
153
163
177
247
326
333
238
175
173
182
147
139
172
193
166
144
150
143
173
134
156
174
153
175
145
149
138
142
153
177
196
170
179
150
158
134
128
148
132
134
133
149
155
145
155
203
388
797
995
761
333
154
147
142
147
142
152
146
229
374
413
333
191
141
163
132
155
166
145
163
153
120
126
136
133
137
160
133
113
130
135
141
127
133
136
126
141
167
132
128
126
130
139
141
145
151
131
142
116
140
143
115
126
144
118
152
127
111
139
108
133
137
145
148
127
124
135
133
147
123
123
124
130
136
128
145
211
325
357
287
182
148
122
133
123
129
149
140
169
132
141
140
108
138
127
129
136
116
116
150
177
377
772
1073
757
373
150
115
134
167
132
129
135
132
107
111
105
95
119
109
114
126
120
134
111
109
106
106
113
123
122
93
139
185
451
1037
1437
1165
584
207
128
92
98
117
107
113
122
104
112
103
94
100
112
97
99
100
119
107
119
112
116
88
90
102
120
98
93
95
99
113
114
106
108
94
123
110
106
119
128
115
102
116
109
95
101
99
96
105
103
107
90
124
108
99
90
89
97
105
103
119
115
106
111
93
100
101
109
111
96
103
98
89
126
97
104
89
118
89
90
116
107
120
119
107
100
118
109
95
117
99
100
100
92
97
98
100
87
96
124
90
103
103
115
110
95
98
112
107
118
81
83
106
91
85
93
100
93
109
119
112
102
105
90
91
95
130
113
108
116
83
105
115
95
89
131
172
238
200
130
118
101
113
96
95
112
92
103
73
83
80
95
97
82
88
99
89
88
79
98
86
95
81
74
67
84
80
92
85
90
79
93
76
76
85
95
96
96
89
76
88
94
92
101
91
89
89
70
78
80
77
103
80
74
86
99
90
91
65
100
75
73
70
66
86
79
87
78
83
63
96
64
92
84
92
96
98
83
86
71
71
87
71
73
80
76
96
76
64
68
88
73
85
81
84
63
57
86
88
83
80
84
95
108
105
81
78
72
81
77
69
79
72
92
80
77
63
73
68
66
69
81
78
81
91
95
173
299
307
264
136
82
80
75
66
69
61
79
83
78
76
90
79
81
80
79
60
83
80
78
77
74
64
63
63
60
76
57
71
63
68
69
77
78
93
85
80
56
75
55
60
63
79
89
64
69
78
72
81
68
63
72
68
56
72
73
85
95
84
74
69
57
71
73
72
80
70
66
58
68
70
64
50
55
75
62
66
58
76
68
55
60
57
71
64
59
76
54
75
59
74
54
68
79
56
61
87
83
66
64
82
74
69
61
72
65
62
78
98
108
145
190
317
450
601
591
394
274
186
132
95
90
72
65
70
63
64
73
77
61
63
54
62
43
62
63
75
63
58
63
72
68
55
59
77
66
60
56
60
57
62
74
68
54
64
52
64
74
60
69
66
71
54
67
62
56
67
65
59
59
67
60
54
59
60
58
57
59
66
78
59
57
49
66
55
66
61
47
51
52
53
63
63
76
77
57
54
62
60
65
66
60
62
57
55
60
56
51
75
65
73
73
51
62
63
49
42
49
55
54
52
49
72
58
57
56
52
54
66
61
58
68
65
64
42
51
64
55
67
83
100
100
87
79
66
64
58
69
62
56
47
59
68
60
57
54
74
70
80
62
72
70
64
51
51
66
65
58
58
55
65
55
55
54
61
64
69
63
59
59
55
50
61
67
59
73
71
116
271
645
1120
1296
857
382
126
87
51
66
67
60
71
63
53
58
48
39
52
53
54
57
54
47
48
62
55
51
49
60
55
47
59
65
60
52
51
52
54
61
54
65
52
66
57
68
67
53
54
48
69
45
53
62
50
57
48
46
55
49
56
50
60
121
312
590
898
828
537
201
72
57
59
56
58
54
56
62
66
48
50
45
67
54
58
53
53
38
47
62
57
37
51
65
55
58
64
47
50
56
50
48
46
50
49
50
61
50
53
48
54
43
32
39
36
59
51
58
49
47
42
40
44
56
50
43
45
47
46
44
51
55
48
49
52
42
47
45
46
44
48
44
53
46
45
56
51
44
48
45
41
40
43
46
38
42
47
56
48
49
51
39
45
50
49
55
56
43
44
68
55
59
50
46
41
53
58
44
50
46
54
55
54
53
70
50
53
53
73
50
54
52
72
49
58
55
66
50
51
39
49
57
65
67
55
65
57
70
47
53
40
57
37
48
46
65
40
49
50
47
54
54
56
57
50
55
51
41
41
52
52
56
50
51
39
50
49
44
47
52
55
46
51
37
34
56
42
58
59
40
30
49
52
54
35
39
49
54
57
43
55
61
45
49
45
46
48
58
37
60
47
62
52
50
48
55
41
52
44
39
52
44
55
49
69
50
63
50
52
47
66
63
44
53
49
57
51
42
50
54
48
41
42
48
47
63
57
48
49
37
54
37
52
52
50
54
45
47
43
52
46
44
42
50
43
46
28
43
38
53
45
56
50
41
44
52
54
40
42
39
50
30
42
42
43
55
48
46
48
42
55
93
161
256
305
251
144
86
36
44
50
42
41
38
42
40
49
47
51
37
41
52
30
45
47
35
38
55
53
39
42
47
28
39
44
49
50
55
27
38
44
44
56
45
46
58
38
47
45
39
34
43
48
35
55
32
40
35
46
33
48
48
39
43
38
42
36
47
41
44
71
70
69
61
58
50
44
39
45
36
40
36
34
46
37
41
30
54
47
35
41
67
58
60
43
41
42
41
50
56
43
69
73
111
103
87
59
41
42
45
46
48
63
65
88
60
60
34
47
35
41
36
45
29
40
25
32
36
37
43
36
37
31
35
35
34
35
40
59
44
44
33
35
45
47
68
96
79
68
45
37
29
28
52
37
31
27
29
31
42
34
36
32
37
35
32
62
116
147
157
116
75
55
38
39
30
37
40
35
28
36
41
20
26
33
34
25
46
39
26
42
26
40
28
24
52
51
48
44
33
33
42
31
34
20
37
24
29
33
37
32
18
27
33
21
30
25
19
30
43
32
27
43
32
29
26
27
31
32
31
25
26
25
32
30
31
29
29
33
41
33
27
36
41
30
31
38
24
33
25
38
37
33
29
36
36
40
38
25
43
26
34
22
23
38
39
55
61
81
78
50
28
35
33
32
24
46
46
55
53
61
42
49
24
33
24
26
29
32
26
30
21
37
33
31
34
37
43
26
29
21
28
27
26
29
28
28
22
30
31
28
24
18
30
33
28
20
28
23
33
23
38
27
38
28
40
64
100
148
150
128
76
39
43
36
23
33
25
23
30
35
32
19
28
24
29
31
33
34
31
30
27
26
25
20
32
27
30
26
33
27
37
30
27
39
34
28
29
21
29
30
19
25
25
22
32
26
29
26
37
30
26
30
28
26
28
26
23
22
21
32
32
32
22
19
30
26
27
33
35
35
18
16
26
24
23
29
33
39
36
19
24
25
19
21
18
30
22
31
24
36
20
27
32
21
25
32
25
32
26
24
21
26
43
40
54
53
25
44
28
22
24
20
30
23
22
29
41
87
185
353
652
726
671
356
163
58
35
34
18
25
24
23
18
30
20
26
31
22
29
23
28
22
15
25
19
21
30
19
25
22
18
26
23
20
15
30
22
27
23
30
27
20
25
24
22
25
28
24
26
27
23
25
22
28
32
46
64
54
53
42
35
28
24
17
32
19
24
21
23
22
28
29
21
18
19
29
22
21
19
29
31
24
34
25
30
18
18
25
19
27
26
27
29
23
19
16
25
27
22
27
23
27
24
22
20
18
16
26
23
34
29
33
23
22
35
30
29
30
23
31
24
23
22
21
23
20
27
32
44
81
127
152
159
124
68
40
27
35
66
144
284
426
433
348
193
106
40
20
17
23
29
29
18
15
27
20
25
19
20
23
22
19
25
22
25
18
22
23
27
19
24
21
16
24
16
28
31
24
18
21
17
22
16
33
24
19
18
25
22
24
25
33
16
15
18
19
13
11
14
28
21
22
20
15
25
11
18
11
16
26
20
22
21
18
26
25
22
26
37
43
40
32
26
29
17
21
22
25
23
16
24
24
23
23
19
20
20
23
18
17
20
32
16
16
12
17
24
21
20
24
16
21
29
27
18
16
19
11
24
18
10
18
29
21
24
23
28
13
25
26
22
15
21
24
23
16
22
11
21
16
14
16
30
22
22
21
22
21
16
16
18
27
23
19
21
16
20
31
30
21
25
12
17
23
22
23
25
24
17
25
16
19
14
20
22
27
16
22
19
17
15
20
16
20
20
16
25
21
19
22
20
11
15
20
19
19
26
19
24
23
20
17
16
22
28
21
21
17
18
23
15
12
24
15
20
18
18
17
21
16
16
14
20
21
18
15
19
17
21
16
22
30
22
26
30
27
28
20
27
19
20
23
19
22
17
22
13
19
21
25
24
16
15
26
18
20
21
16
19
14
16
21
16
19
22
23
25
22
36
28
31
23
17
21
14
19
15
24
21
18
20
12
20
24
14
19
20
22
14
19
12
24
22
17
16
21
16
26
19
16
20
13
11
16
20
21
31
32
25
25
30
24
25
25
20
15
13
20
15
16
23
20
27
15
22
26
14
21
12
19
18
15
16
15
18
16
22
18
14
10
16
19
17
16
13
26
20
42
19
19
23
12
24
21
15
25
9
23
17
17
17
22
17
15
22
18
26
43
80
128
148
175
129
73
33
25
23
28
15
21
15
19
24
21
22
14
16
23
13
25
19
22
16
18
18
18
16
15
17
14
15
18
20
26
24
21
14
11
17
13
15
12
21
18
21
15
19
14
13
16
14
23
12
29
17
17
18
14
23
12
18
14
31
18
28
19
15
26
18
16
15
15
20
16
19
14
24
20
18
14
19
17
33
29
35
30
34
25
25
23
18
12
19
18
18
13
15
10
19
19
20
18
18
21
15
14
21
15
17
25
19
12
17
22
17
18
24
14
17
20
16
24
20
17
17
16
18
18
15
23
17
23
14
30
11
21
18
16
17
22
15
9
17
15
16
15
16
12
17
19
17
19
21
13
12
22
15
9
20
10
16
12
17
13
14
16
16
13
17
17
18
14
20
15
24
21
18
14
15
16
11
15
16
17
15
14
20
11
16
11
19
30
17
17
14
15
13
12
11
23
15
16
16
11
15
17
24
20
15
24
19
18
11
24
19
19
16
16
17
13
24
20
19
15
13
13
24
12
16
22
14
16
14
19
12
10
12
20
15
20
25
12
15
17
26
15
8
17
19
21
23
15
16
11
18
18
20
21
18
28
19
16
23
15
11
16
18
16
19
18
18
18
13
23
20
18
14
12
11
17
12
20
25
27
37
50
54
68
53
69
38
24
26
11
17
19
21
19
26
15
15
14
18
23
26
21
24
20
22
23
25
20
19
17
19
21
14
14
10
16
15
16
11
18
15
23
23
16
17
16
18
21
15
14
12
14
17
23
11
10
21
10
10
18
13
15
17
19
17
12
18
26
14
13
19
16
16
16
18
14
14
21
13
10
18
16
19
19
14
23
17
18
14
21
25
13
11
15
12
15
15
14
14
19
14
13
12
19
9
18
27
27
30
30
32
14
13
13
10
11
9
21
12
10
14
14
13
13
22
23
11
22
11
18
21
22
11
16
17
12
20
12
18
17
15
15
11
19
18
15
19
12
15
15
22
17
19
12
16
16
12
10
19
19
20
11
6
15
6
17
23
19
16
11
15
19
9
20
10
13
14
18
12
19
16
18
16
14
16
14
13
17
12
15
21
15
12
17
13
15
16
14
24
12
6
11
16
16
13
12
11
14
21
16
17
12
16
13
15
14
9
16
11
15
6
8
11
11
16
19
11
16
15
11
13
11
8
18
16
11
14
19
12
12
15
11
10
8
24
21
9
15
12
16
17
10
10
12
12
21
10
12
8
11
4
15
13
13
14
19
12
8
12
9
12
15
14
13
14
15
10
16
18
15
18
14
17
14
7
16
14
15
12
12
23
12
17
17
14
17
14
14
8
18
17
15
7
23
20
16
13
13
12
7
14
10
18
17
14
12
16
19
12
14
10
10
11
7
12
18
12
14
13
17
16
16
9
7
23
19
19
19
20
20
17
26
35
49
55
27
29
22
12
25
9
14
15
9
12
7
10
14
9
16
13
32
14
23
20
14
12
7
11
12
8
7
12
14
15
17
7
13
17
15
7
14
16
17
13
14
11
17
11
12
11
18
14
6
10
13
13
10
13
12
22
19
27
16
18
12
16
12
13
9
10
9
11
19
14
19
20
27
35
35
13
17
5
13
7
16
10
14
11
19
11
7
7
7
12
14
13
16
10
12
9
14
15
14
14
8
8
16
14
14
11
19
7
20
12
10
10
9
16
14
18
9
7
12
5
7
11
11
12
6
8
15
14
8
7
14
8
8
7
13
13
13
15
12
14
12
12
8
15
3
9
9
15
9
8
2
17
13
5
11
12
5
12
15
12
11
12
20
17
11
9
9
10
7
7
12
17
15
7
10
11
14
14
14
12
12
13
10
9
18
9
11
8
4
15
13
10
7
9
17
22
34
45
65
123
138
170
170
126
75
44
20
11
10
8
9
8
8
11
10
16
7
8
10
11
12
11
6
9
8
9
7
12
16
11
5
13
7
2
9
7
9
13
8
15
14
10
10
9
14
12
7
8
15
12
5
7
8
14
13
10
9
9
8
11
7
11
9
13
8
9
7
17
11
5
10
15
9
11
9
6
6
7
14
8
17
9
16
9
12
18
21
22
13
15
7
13
15
5
5
12
12
10
12
13
17
13
12
12
12
13
11
12
2
10
10
9
8
18
8
14
19
16
22
23
34
22
16
19
21
12
11
9
15
11
17
9
9
9
9
6
6
12
10
12
6
12
12
13
5
11
11
9
11
9
4
10
4
7
9
12
7
9
19
12
8
14
13
7
6
20
8
9
8
11
14
9
19
9
9
8
4
7
10
10
18
10
8
9
7
10
6
12
8
14
8
13
16
12
14
3
5
8
8
13
5
8
16
18
7
10
8
7
5
6
7
5
8
11
10
9
12
9
13
7
12
6
14
10
4
10
5
10
8
11
8
11
9
9
6
10
14
11
10
12
4
7
5
5
9
7
12
6
11
4
7
4
10
9
11
12
8
7
8
5
7
8
12
8
8
7
4
9
8
6
7
8
12
7
6
12
7
7
9
9
10
8
10
7
12
9
10
12
8
11
10
15
21
16
10
16
8
7
6
14
13
16
9
7
13
13
12
19
19
36
51
44
56
50
42
20
16
9
13
14
12
33
45
43
32
27
17
11
17
8
7
10
12
4
9
6
4
3
10
11
10
10
10
5
9
8
12
12
6
4
10
5
13
11
10
11
14
6
11
8
5
5
11
6
7
9
8
7
4
10
4
6
7
10
10
6
5
9
9
7
8
9
7
12
9
12
10
7
15
27
35
36
29
29
27
14
11
9
8
9
17
10
13
9
10
7
9
3
10
6
12
18
15
23
32
26
34
20
9
11
12
7
5
9
5
6
11
5
4
13
10
15
9
10
16
13
9
8
11
4
7
4
6
8
7
4
6
6
8
8
8
5
10
7
12
8
10
4
8
7
7
8
8
6
5
6
7
4
7
11
6
4
11
7
10
12
13
8
6
6
7
2
9
6
4
6
8
13
11
11
11
10
14
8
7
8
5
12
11
10
13
14
8
9
11
7
9
12
4
5
7
6
4
9
5
5
5
6
8
7
8
8
13
3
8
11
10
8
8
9
7
5
3
8
7
1
8
7
6
5
7
9
9
8
8
5
5
9
9
4
8
6
12
6
6
8
2
8
6
8
7
9
6
12
6
12
4
9
8
10
14
10
4
7
5
3
6
5
10
6
6
6
3
10
9
5
9
10
7
8
6
6
6
4
4
5
6
9
6
12
3
5
11
6
5
5
3
8
7
9
4
11
4
0
6
11
10
6
11
8
9
7
8
7
4
5
6
6
3
7
9
11
3
7
5
4
6
5
11
4
8
2
6
4
9
7
6
6
5
6
10
11
8
16
21
31
35
26
22
22
5
7
10
3
7
8
6
7
9
4
9
11
8
5
8
4
6
3
7
4
11
5
9
6
9
3
6
5
7
6
6
8
4
7
5
4
10
11
6
6
5
11
11
1
8
4
5
6
4
5
5
5
11
7
4
7
11
12
7
8
8
8
8
3
8
5
5
7
5
7
9
7
5
8
8
9
15
24
44
78
107
122
115
74
52
23
16
16
11
6
12
2
7
6
7
11
9
6
4
5
6
11
6
5
4
5
9
8
9
3
4
5
9
7
3
6
7
0
9
5
8
7
10
6
8
3
9
6
1
6
10
5
5
4
10
7
7
9
8
2
3
5
2
7
9
9
2
7
8
9
8
8
8
3
12
9
6
6
4
9
3
4
8
5
8
6
9
4
4
7
8
5
11
5
10
7
6
7
4
7
9
12
5
9
7
4
14
11
4
4
9
4
3
9
9
3
8
7
6
11
4
5
6
7
8
7
5
2
10
4
6
9
6
10
5
8
9
9
9
8
4
11
14
7
10
4
7
5
4
8
8
4
4
8
2
7
7
3
6
6
10
6
5
11
10
4
9
2
4
11
9
6
2
5
6
4
8
7
13
4
10
8
12
8
5
2
4
7
5
12
9
4
4
11
12
8
7
9
7
13
16
21
21
25
18
15
14
8
2
5
4
6
5
8
4
6
6
5
5
8
8
8
7
10
8
7
3
7
7
10
10
11
6
6
8
2
3
10
13
10
5
10
4
6
7
7
5
5
4
10
6
6
7
6
4
3
7
6
6
9
12
6
8
7
4
9
8
11
6
9
5
11
4
4
6
7
5
6
6
7
8
6
7
7
9
11
3
6
7
5
5
7
7
4
7
5
10
9
8
9
3
7
7
4
9
5
7
6
9
10
6
7
5
3
5
5
5
7
7
6
8
4
8
5
7
2
10
4
11
5
5
6
8
4
5
1
3
5
7
3
8
6
5
8
6
4
2
14
7
5
8
7
6
9
5
4
4
6
5
4
3
9
8
7
5
3
2
6
1
6
4
9
4
4
5
5
5
2
7
8
9
6
8
7
4
3
8
7
7
6
15
5
7
9
6
4
6
3
8
8
1
5
10
8
8
9
3
9
10
8
4
2
6
3
5
8
4
5
10
9
5
6
8
6
5
3
7
4
7
5
7
11
5
5
1
8
9
2
4
4
3
5
3
5
12
11
6
8
5
5
7
7
7
1
10
5
5
7
5
8
9
4
9
3
6
6
6
6
2
4
3
7
3
6
4
10
4
9
6
6
7
2
3
9
6
3
9
5
5
8
9
2
3
14
0
8
8
9
2
4
9
6
9
4
6
10
4
3
9
3
3
2
5
5
2
7
6
9
6
3
11
9
3
6
9
3
9
6
8
9
3
7
1
10
5
9
3
6
6
7
8
7
5
6
6
6
4
5
5
4
2
8
7
4
11
3
4
8
3
5
1
6
12
8
8
5
8
6
3
6
6
6
3
3
6
5
5
2
6
9
9
5
6
7
7
3
7
3
9
8
6
11
5
4
3
4
6
9
8
5
6
7
8
8
4
13
5
4
11
3
4
8
5
6
6
4
4
0
7
5
6
7
4
5
8
6
4
5
8
4
5
5
6
5
4
3
12
5
6
9
3
4
4
2
4
5
5
5
7
3
7
10
6
10
3
6
7
7
3
8
4
8
9
7
7
2
4
8
3
4
1
4
7
3
5
8
7
7
4
11
6
5
1
10
4
6
9
5
3
6
5
7
6
6
6
7
7
4
5
1
7
6
8
2
5
6
7
2
7
7
3
7
7
5
5
2
5
3
5
2
8
3
9
6
10
6
8
6
10
2
3
5
6
4
4
5
3
6
9
5
5
8
6
2
8
2
5
10
2
3
6
2
2
8
4
4
2
7
13
12
5
10
9
6
7
6
9
7
6
9
7
2
8
9
6
2
6
5
7
6
6
3
3
3
5
7
9
4
3
5
4
7
5
7
8
8
10
11
5
3
14
5
4
6
8
2
1
10
7
5
5
7
6
5
8
6
9
6
5
7
11
8
17
22
28
33
30
27
29
35
18
18
12
12
11
6
4
9
4
5
3
5
3
11
4
6
8
8
3
6
5
8
5
5
8
6
8
6
7
9
7
9
7
8
9
6
9
8
7
2
3
6
5
6
2
5
8
9
5
6
5
1
6
4
5
8
7
7
5
8
3
5
11
8
6
10
9
8
6
4
2
3
8
12
12
3
1
5
5
6
10
6
13
3
9
6
6
7
6
11
6
6
7
8
4
5
4
3
6
9
1
2
7
2
3
4
7
4
2
7
6
7
7
4
4
5
3
4
5
8
7
7
5
8
3
2
8
4
2
7
3
3
4
5
3
4
7
3
8
7
7
6
6
5
4
6
5
6
4
8
6
11
6
8
5
5
2
3
6
7
8
2
7
2
2
5
6
3
5
4
4
3
5
7
3
5
9
6
11
7
3
4
9
8
2
6
6
8
10
3
5
8
7
8
6
6
7
10
4
4
3
5
6
8
9
5
5
6
8
6
5
6
7
5
9
7
3
5
8
4
3
5
5
8
4
7
7
6
4
10
2
10
5
5
5
2
8
11
13
24
20
24
37
32
29
25
15
7
7
9
5
7
5
9
9
9
5
6
4
5
8
8
8
6
10
7
5
5
5
4
6
6
8
2
5
5
7
6
3
3
3
10
4
2
6
8
7
5
7
3
5
4
4
4
8
7
1
4
3
9
4
3
2
9
5
6
2
4
3
7
4
2
5
5
6
7
2
6
3
2
5
8
6
5
7
6
5
2
6
7
7
5
11
5
7
8
7
3
8
2
5
8
4
7
8
2
7
2
2
6
8
2
6
10
5
7
5
9
6
6
6
9
8
7
5
5
3
7
2
4
6
4
4
7
6
9
14
11
3
7
9
11
7
4
6
6
8
6
4
9
1
9
9
7
12
11
6
4
2
5
8
9
6
6
10
5
8
5
7
4
8
8
4
8
8
8
7
7
6
8
4
11
5
5
10
9
5
5
8
6
9
7
10
7
7
6
8
9
7
6
6
8
6
6
6
5
5
9
2
2
3
7
7
9
6
5
6
7
5
14
7
12
4
8
11
8
8
8
6
4
7
4
5
6
8
6
10
1
8
8
12
8
10
7
4
8
11
10
5
8
7
5
4
7
7
5
8
4
8
5
9
6
8
9
4
2
7
5
10
13
5
5
4
7
4
6
9
6
6
6
8
2
5
5
5
5
8
6
6
5
8
10
5
8
9
4
7
11
4
9
6
4
3
5
9
7
5
7
12
6
3
5
4
9
6
5
6
10
13
8
7
9
11
7
2
3
7
10
5
5
5
7
8
5
6
5
6
5
4
4
7
3
11
8
11
6
10
6
10
8
3
3
6
4
4
9
8
4
5
1
6
4
8
12
4
3
5
9
4
9
2
15
4
10
4
6
5
5
12
4
8
7
3
4
8
9
7
3
2
6
7
5
3
4
8
4
9
10
4
7
8
7
7
12
11
7
6
6
11
5
12
3
4
10
8
6
8
6
8
9
5
8
10
5
8
8
6
6
7
6
2
8
4
8
6
3
6
9
9
4
5
7
7
2
6
11
7
5
7
6
8
4
5
2
7
10
9
3
3
9
7
5
8
5
4
2
5
4
2
7
3
2
5
11
4
9
6
8
14
3
6
5
5
3
4
5
8
4
3
9
4
5
7
6
6
6
7
6
5
3
6
7
4
5
7
5
5
7
7
1
6
6
2
8
7
4
3
2
5
3
4
6
5
5
7
9
8
8
3
3
4
4
6
4
3
7
5
6
2
5
8
5
6
5
2
8
2
6
5
6
8
4
5
5
3
6
1
10
3
6
4
5
3
9
2
4
8
5
3
5
3
6
7
3
3
8
3
3
3
6
3
3
10
6
2
5
4
4
6
3
2
4
11
5
9
13
13
8
10
2
7
3
3
5
4
6
3
5
4
3
6
6
8
9
4
3
5
8
2
5
5
7
4
3
11
5
6
2
5
1
2
4
3
4
2
8
4
6
3
4
6
2
2
4
5
4
2
2
3
5
3
2
7
4
4
3
2
3
8
3
4
7
6
2
2
2
4
4
1
1
0
2
8
4
3
4
8
1
4
6
2
2
8
2
3
5
5
3
6
3
8
6
5
3
3
4
2
2
5
5
7
3
1
5
5
5
2
4
7
2
1
3
0
2
2
7
3
2
1
6
1
3
3
7
5
4
3
4
4
1
4
2
5
5
4
8
2
2
5
3
4
0
3
1
5
3
2
3
3
4
2
3
1
3
1
1
5
4
2
2
1
3
3
3
3
3
2
2
5
4
3
2
3
3
1
1
6
2
4
2
5
2
5
3
3
1
3
0
1
5
4
1
2
1
3
2
2
3
3
4
2
3
2
2
2
1
4
4
3
2
1
1
0
2
2
5
3
3
2
2
3
3
6
2
1
0
3
4
0
3
4
4
3
1
1
3
4
3
2
2
0
0
2
4
2
2
1
3
0
4
2
0
1
2
2
5
4
1
4
3
2
1
1
2
4
0
0
5
3
4
4
2
2
4
2
4
2
3
0
1
1
3
4
4
1
0
1
2
2
3
3
3
1
3
1
5
4
3
4
0
4
3
4
5
3
3
1
1
1
2
1
1
4
2
4
1
3
3
3
1
1
1
5
2
3
3
4
1
3
1
4
3
2
2
3
3
1
0
2
4
0
2
2
2
2
2
3
3
3
1
2
2
3
1
4
1
3
3
3
3
1
4
1
2
2
6
6
2
2
1
1
1
3
2
3
6
4
4
4
2
3
2
1
2
2
1
3
5
2
6
0
4
2
7
9
16
26
43
79
113
183
204
262
240
206
138
90
44
25
9
3
4
3
2
3
1
0
4
0
3
3
1
0
2
4
4
2
0
2
0
4
2
1
2
0
4
2
3
4
1
1
2
2
3
2
1
6
2
1
0
1
4
1
1
5
1
2
2
0
0
1
2
2
1
1
4
0
3
3
0
1
1
3
2
0
1
3
3
2
4
0
3
1
3
3
0
0
1
4
2
4
0
3
2
3
1
1
3
1
3
4
1
4
3
1
2
2
2
2
4
0
2
3
0
2
2
0
0
1
1
5
1
1
1
3
0
1
2
0
1
1
1
1
3
0
2
2
1
1
1
2
0
1
0
2
5
0
1
3
0
2
1
1
4
1
2
1
2
2
0
3
3
3
2
4
0
9
0
1
1
0
3
6
3
2
0
1
3
2
6
4
4
7
3
1
1
3
1
5
5
1
1
0
3
5
0
1
1
0
4
2
1
7
1
2
0
1
2
2
2
2
0
1
3
2
3
1
1
3
2
2
2
3
2
4
4
1
3
2
2
1
3
2
2
1
0
2
2
1
3
1
2
1
2
1
3
1
3
0
4
3
3
4
3
3
2
3
0
2
1
2
0
2
2
1
0
3
1
3
2
2
2
2
1
1
5
1
1
1
2
2
1
1
0
2
4
5
0
1
1
2
1
1
1
1
0
1
1
1
4
2
1
4
0
4
1
3
2
1
4
1
1
2
2
0
1
2
0
5
1
4
0
0
1
2
3
1
2
1
2
2
1
3
0
2
0
0
3
1
3
2
4
0
3
3
2
1
1
3
4
3
0
2
3
1
3
1
1
4
1
3
2
1
5
2
2
2
1
1
2
0
1
2
2
2
1
0
1
1
2
0
2
2
4
0
1
1
2
5
3
2
0
5
3
3
0
2
0
1
1
1
2
3
3
2
2
1
4
1
4
3
2
2
0
2
2
2
0
1
2
2
3
2
3
1
2
1
3
2
0
3
1
1
3
1
3
1
4
2
1
1
3
1
2
1
4
1
3
0
3
2
0
2
2
3
2
1
1
2
2
2
1
0
1
3
4
3
1
6
2
3
0
1
4
2
0
2
3
2
0
1
1
1
1
4
2
1
2
2
2
1
3
2
1
0
3
2
1
2
3
4
2
1
1
3
2
2
1
0
2
3
2
2
2
2
3
1
0
3
0
1
1
1
2
2
0
2
1
2
4
1
3
1
0
1
2
2
1
2
2
2
2
1
0
0
2
3
1
3
2
1
0
0
2
1
2
2
3
4
4
2
3
3
3
1
3
0
0
1
0
1
2
0
3
3
2
2
1
4
2
1
3
0
1
1
1
2
0
0
2
0
1
0
2
2
2
2
3
4
1
2
0
4
1
1
2
2
1
0
0
2
0
2
3
2
3
2
1
0
0
0
0
0
0
2
1
1
3
1
1
0
0
1
1
3
0
1
2
2
1
2
1
1
2
0
0
0
1
2
2
0
1
1
2
2
0
2
1
0
3
3
0
1
4
2
1
1
0
3
0
0
0
0
2
0
1
2
0
4
3
0
2
3
1
0
2
1
0
1
4
0
2
0
3
3
1
1
2
0
0
1
2
0
2
1
1
0
5
2
1
0
6
2
0
3
0
2
4
2
3
1
2
1
1
2
4
1
2
1
1
4
1
1
6
1
1
2
2
3
2
1
1
1
4
1
6
2
0
2
3
2
0
2
1
4
2
3
1
3
0
3
3
2
0
2
2
2
2
1
1
1
2
1
2
1
2
0
2
1
3
4
0
0
1
1
4
3
0
1
3
3
1
3
0
2
0
0
1
4
2
1
0
4
0
1
1
2
3
1
0
1
0
2
0
1
3
1
1
1
1
3
1
3
0
1
1
3
2
0
0
1
1
2
1
0
1
0
0
2
0
2
3
3
1
5
2
2
1
5
1
2
1
1
0
3
2
2
0
2
2
3
3
0
1
0
0
1
1
1
2
0
1
2
1
5
1
0
2
4
0
4
2
1
1
3
3
2
0
1
1
2
3
4
1
1
3
4
1
3
3
1
4
1
2
4
1
1
1
3
1
2
1
3
1
1
5
2
0
1
2
1
0
0
0
2
2
0
2
1
5
2
1
4
0
1
3
0
1
0
1
2
1
3
2
4
0
1
1
0
1
1
0
1
1
1
0
2
0
1
2
1
2
1
4
2
1
1
4
1
2
0
0
0
2
1
1
0
2
1
5
1
1
2
0
1
3
2
2
1
3
4
2
1
0
0
1
4
1
1
1
3
0
2
0
1
1
1
1
1
0
0
0
2
0
3
4
2
1
1
0
2
4
0
4
0
1
2
0
1
3
3
4
2
2
2
0
1
1
0
0
1
3
2
2
1
1
1
0
1
1
0
1
3
0
1
2
1
0
0
0
1
0
0
1
2
0
3
1
2
1
3
3
3
5
2
0
2
1
4
1
3
0
4
1
1
0
1
4
1
3
0
2
0
0
0
0
0
4
2
2
1
1
1
0
1
1
0
2
2
1
1
1
2
0
2
0
3
1
2
1
0
1
2
2
0
1
0
1
1
0
0
1
1
2
1
0
3
2
1
1
1
1
1
2
1
0
1
1
0
0
2
0
2
4
2
1
1
1
0
2
0
1
1
0
1
2
1
2
1
0
2
4
1
0
1
3
3
1
2
0
1
2
0
2
0
1
2
1
2
1
2
1
0
3
0
2
2
4
1
1
1
0
0
0
0
0
1
1
0
1
1
2
0
2
2
1
0
1
1
5
1
0
2
1
1
1
0
1
2
2
3
1
1
1
3
2
1
0
1
3
1
1
0
2
5
4
4
3
4
3
3
2
2
2
0
0
1
1
2
0
1
1
0
0
0
0
2
1
1
1
0
0
1
0
2
0
0
0
1
1
2
1
1
0
1
1
3
3
2
0
0
0
1
1
0
1
0
0
2
0
1
1
1
2
0
2
0
0
1
1
1
1
1
1
1
0
1
0
0
1
1
2
1
1
1
0
1
0
1
3
1
1
0
0
0
1
0
3
4
1
1
2
0
0
1
1
1
3
0
3
1
0
1
2
1
2
2
0
1
1
1
1
2
0
1
1
0
0
1
2
1
0
0
1
1
3
4
1
1
1
2
1
0
4
0
1
0
1
0
1
0
1
0
4
1
0
1
0
2
1
2
3
1
1
1
0
6
0
2
1
1
2
3
3
0
2
1
1
2
3
3
4
3
7
7
8
8
4
2
1
1
1
0
0
1
0
2
1
0
1
1
0
0
0
0
0
0
2
3
1
1
0
1
0
1
0
1
1
0
3
0
1
3
0
0
1
2
1
0
4
1
1
1
0
1
1
0
2
2
2
1
0
1
1
2
0
0
2
0
4
1
0
1
1
2
0
1
1
0
0
1
1
1
0
1
5
0
1
1
2
1
1
2
1
1
1
1
0
1
0
0
2
0
1
0
0
0
1
2
1
3
2
1
1
0
2
0
1
0
1
2
0
3
1
1
7
5
0
0
1
0
1
1
0
0
0
0
1
2
0
2
1
0
1
1
1
2
0
1
1
3
0
2
1
1
1
1
1
2
1
0
0
1
1
2
0
0
1
0
2
1
0
1
1
2
0
2
3
0
2
0
0
3
1
0
1
0
1
0
1
2
0
1
1
1
0
2
0
1
1
0
1
1
0
2
3
0
1
0
0
0
1
3
1
0
1
1
0
2
0
3
2
2
2
0
1
1
3
2
1
2
0
1
1
1
1
3
2
3
0
0
1
0
1
0
1
1
1
1
1
0
1
2
0
0
0
0
1
3
1
0
2
0
1
1
1
1
0
1
0
1
3
0
2
2
1
2
0
0
0
0
0
0
0
0
0
0
0
0
0
0
0
0
0
0
0
0
0
0
0
0
0
0
0
0
0
0
0
0
0
0
0
0
0
0
0
0
0
0
0
0
0
0
0
0
0
0
0
0
0
0
0
0
0
0
0
0
0
0
0
0
0
0
0
0
0
0
0
0
0
0
0
0
0
0
0
0
0
0
0
0
0
0
0
0
0
0
0
0
0
0
0
0
0
0
0
0
0
0
0
0
0
0
0
0
0
0
0
0
0
0
0
0
0
0
0
0
0
0
0
0
0
0
0
0
