Nom du fichier: Prlvt 1.Chn
Date: 02Sep201
Heure: 115729
Temps réel (s): 86412.64
Temps vivant (s): 86400.0
Dead time: 0,01 %
Offset des données: 0
Longueur des données: 8192
Coefficients de calibration énergie: 0.02581399, 0.2498909, 1.392609E-8
Coefficients FWHM: 2.365561, 0.001095137, -5.387246E-8
Coefficients de forme des pics: 0.0, 0.0, 0.0
Description du détecteur: DET06
Description de l'échantillon: 

Données du spectre (entiers):
0
0
0
0
0
0
0
0
0
0
0
0
0
0
0
0
0
0
0
0
0
0
0
0
0
0
0
0
0
0
0
0
0
0
0
0
0
0
0
0
0
0
0
0
0
0
0
0
0
0
0
0
0
0
0
0
0
0
0
0
35
979
1533
2107
2491
210
154
149
210
234
237
262
269
239
231
201
196
222
191
211
233
218
202
204
213
202
214
198
214
227
193
221
236
190
209
224
216
172
211
177
173
198
198
199
216
218
199
206
188
199
247
318
255
199
188
171
199
190
182
207
193
196
178
223
180
203
182
212
212
207
189
205
214
192
184
209
187
208
225
216
236
253
215
235
223
256
233
249
226
258
283
425
444
415
268
259
225
248
260
260
250
270
259
234
242
233
248
254
274
245
269
254
271
274
283
327
306
349
420
663
842
736
455
389
586
1042
1108
885
375
234
247
247
251
246
257
244
284
212
252
228
229
290
326
391
325
316
249
258
308
384
517
554
440
275
249
305
323
431
415
277
240
254
390
593
734
664
510
315
253
251
213
193
206
201
182
193
217
218
235
262
244
219
223
203
185
177
198
188
210
209
207
182
205
221
241
271
242
228
233
216
241
201
192
253
247
223
206
210
215
210
214
216
243
232
228
208
202
209
196
231
228
206
235
192
209
206
183
184
210
208
204
225
217
191
208
236
197
235
196
207
198
201
219
205
218
229
210
212
197
202
205
242
291
342
268
212
220
217
225
231
215
210
196
201
230
209
195
219
205
194
208
201
195
212
214
211
228
210
226
202
232
201
211
237
206
204
222
244
224
292
252
215
220
207
203
200
220
186
176
219
230
195
172
209
209
204
226
191
208
202
197
193
243
266
227
224
193
184
184
208
193
190
194
209
194
200
200
230
191
173
174
212
195
198
189
204
188
208
197
171
183
188
214
200
218
208
175
182
176
170
197
216
178
200
200
195
186
196
178
182
180
186
188
192
191
189
197
191
194
203
177
198
175
158
191
188
215
188
197
165
212
186
197
175
182
180
165
197
179
265
388
533
467
337
239
186
179
167
179
174
189
158
165
158
161
159
150
179
179
188
166
165
177
174
170
179
172
158
185
167
193
209
172
149
174
176
172
167
169
183
187
169
172
167
170
179
171
160
186
189
186
182
181
168
178
177
207
263
333
343
221
176
170
160
154
136
153
167
169
152
172
155
180
163
177
156
161
152
159
154
161
168
163
161
143
144
143
127
166
135
158
158
147
128
169
142
154
141
162
135
134
155
145
148
164
152
144
147
142
145
166
145
160
147
138
136
170
130
148
133
145
173
135
158
167
155
152
295
716
1451
1814
1452
664
215
194
266
363
370
362
304
212
129
130
109
120
128
113
125
137
139
120
123
124
113
113
130
97
119
123
124
126
102
134
114
130
108
143
120
120
112
125
134
119
144
144
110
123
110
115
136
125
136
121
111
119
124
106
115
107
124
120
110
111
101
98
117
102
124
103
103
109
124
103
116
136
192
227
230
228
173
123
131
103
114
118
113
117
106
130
113
112
100
114
157
174
189
122
118
124
94
111
116
92
104
117
97
125
115
100
103
99
107
106
104
94
104
97
100
126
106
116
128
124
117
106
117
94
103
95
85
97
121
101
93
114
142
283
465
528
476
227
135
91
96
88
99
90
110
135
193
176
137
131
99
89
110
105
92
79
98
101
88
82
90
91
99
87
89
104
104
87
80
87
89
88
97
89
97
86
103
78
93
100
92
91
98
122
97
84
84
87
80
85
93
86
86
110
92
84
92
81
109
99
91
92
72
86
105
87
98
94
82
91
94
84
109
130
146
192
174
109
90
108
97
80
88
95
91
93
112
85
93
99
91
104
96
96
73
103
93
143
195
359
408
332
178
102
103
81
100
99
103
72
88
74
68
73
67
71
92
76
85
77
88
88
71
78
83
75
84
57
70
105
188
338
630
787
673
377
167
92
90
56
80
79
69
69
82
77
73
68
73
75
75
61
71
79
68
71
72
73
74
73
72
81
70
60
71
91
69
50
64
70
77
70
73
72
71
59
84
73
70
65
75
62
59
84
67
84
65
83
64
77
86
68
82
76
62
61
84
72
75
79
74
90
71
68
79
71
76
69
75
66
68
63
70
65
51
89
59
68
74
68
77
88
75
71
64
82
81
59
57
70
60
59
66
68
70
67
69
61
63
84
70
69
69
75
67
78
56
64
52
83
70
57
74
71
61
90
79
65
69
51
62
51
79
79
57
65
63
65
76
51
62
72
89
98
107
91
60
60
64
54
70
60
64
59
59
60
64
63
68
77
67
65
52
59
58
69
52
68
60
65
60
60
58
65
60
67
58
60
75
58
53
59
68
63
53
62
56
76
55
59
52
59
63
59
56
63
67
44
64
51
53
52
66
63
48
59
60
51
64
60
59
54
50
36
48
59
60
48
52
59
55
57
45
63
43
54
64
54
57
62
41
57
53
64
60
59
54
54
55
39
52
50
59
62
54
58
72
58
48
65
64
48
36
59
33
55
45
49
51
63
43
47
55
44
49
50
51
49
39
51
63
62
91
127
144
96
76
71
56
38
43
40
43
51
53
51
45
52
40
47
49
52
34
36
42
50
42
45
49
61
57
40
44
48
46
59
45
49
56
56
60
52
48
49
55
50
40
43
54
47
54
55
52
49
47
50
47
47
45
42
55
35
53
57
54
47
39
51
49
46
44
42
34
37
48
60
36
52
30
43
44
47
44
49
38
58
35
52
35
52
53
48
57
39
40
46
44
45
41
45
45
44
54
42
42
56
40
49
44
46
39
43
65
52
67
67
103
149
203
297
365
356
255
223
138
98
99
70
58
54
49
60
47
57
47
45
46
43
32
43
60
41
43
50
43
48
42
43
34
47
38
47
35
38
36
49
37
41
52
39
41
42
36
32
33
52
42
41
43
40
36
45
39
36
39
43
45
41
35
31
39
38
51
39
40
32
27
49
38
38
48
33
44
52
46
45
30
31
54
49
45
31
37
46
39
34
50
40
49
31
60
45
48
41
34
45
36
36
45
34
41
38
31
30
51
29
41
34
30
37
39
36
49
39
39
35
34
31
31
42
33
39
42
37
40
46
56
48
34
55
37
38
46
39
45
40
38
37
43
45
36
27
42
54
50
51
47
38
33
47
40
34
37
33
55
41
44
36
43
39
28
38
34
40
39
37
26
41
45
38
41
43
40
56
130
252
392
445
344
184
84
34
31
35
31
54
49
51
31
43
35
29
28
41
30
38
41
52
32
38
30
37
36
37
26
38
36
46
33
43
36
24
40
44
32
24
37
31
41
42
47
39
30
38
38
49
38
35
43
47
42
36
35
46
49
35
40
81
177
327
540
508
341
152
52
46
30
49
34
39
38
31
32
30
32
29
45
38
26
30
26
36
30
49
27
24
35
36
34
39
22
33
50
34
34
20
41
29
29
35
39
30
33
34
36
40
31
32
28
27
34
33
34
31
30
27
30
32
36
29
28
28
39
24
35
41
38
24
35
45
37
38
22
32
44
38
29
36
33
35
32
30
33
45
25
34
40
29
33
25
25
33
36
21
33
37
41
38
31
31
30
33
30
30
30
31
28
33
25
37
31
37
43
34
28
25
26
38
37
28
31
24
27
33
40
26
36
36
29
43
32
22
31
36
34
40
55
36
38
43
35
33
41
27
30
34
24
24
32
40
28
40
40
32
34
22
43
25
40
38
29
30
31
26
20
27
33
33
29
26
35
29
28
29
24
40
34
17
31
29
29
33
42
37
26
32
38
33
42
18
29
35
28
33
31
36
36
27
28
35
44
24
30
30
37
34
29
28
32
38
27
30
23
21
33
32
40
34
36
26
35
29
32
35
23
38
38
39
36
35
34
42
45
28
51
28
21
30
29
33
31
24
31
34
28
29
31
26
32
29
24
34
29
30
33
37
30
23
39
31
28
28
21
30
26
41
30
28
27
30
32
34
23
30
24
25
27
35
26
27
42
30
26
16
42
49
67
102
113
88
65
34
24
23
21
31
29
24
30
23
25
24
30
28
37
28
24
33
25
39
31
27
24
31
31
24
36
27
31
30
31
18
27
30
28
27
32
26
23
31
27
31
25
28
26
27
30
22
25
29
32
27
24
37
32
26
22
28
27
26
19
31
28
31
27
43
47
36
25
28
34
24
28
23
32
31
45
28
26
19
41
39
34
27
33
32
33
29
37
21
28
28
34
48
33
43
49
70
71
49
36
25
15
20
25
38
40
43
36
34
28
30
15
25
25
33
39
25
25
21
18
21
22
25
21
22
22
20
15
26
28
33
32
22
23
23
30
32
37
43
43
33
37
35
29
28
22
19
30
22
19
24
24
22
24
23
23
27
25
21
44
51
69
76
45
39
31
21
25
23
28
25
26
19
19
14
18
29
26
20
25
37
27
39
26
26
29
21
21
25
38
30
29
33
32
27
19
22
18
26
24
19
16
31
23
29
16
28
14
26
20
22
28
16
28
32
12
25
23
28
21
15
18
17
19
15
24
24
20
19
17
26
22
19
30
22
18
26
27
18
20
18
18
29
22
29
29
22
30
32
23
21
23
29
33
20
21
18
29
21
38
34
51
32
26
21
23
34
21
33
29
29
36
25
30
25
23
27
23
25
26
13
29
15
17
24
24
18
27
17
17
17
16
17
27
21
18
22
17
29
14
23
22
25
24
20
24
28
21
28
17
22
20
20
22
25
30
31
27
23
37
51
62
53
40
39
29
26
13
24
19
19
19
18
22
20
33
23
23
16
22
18
17
17
19
16
13
20
22
10
18
17
13
19
23
22
20
6
18
21
18
19
20
29
20
20
20
17
21
16
15
19
9
15
17
22
26
16
16
16
19
19
23
27
12
21
19
22
17
19
19
13
17
17
19
19
17
19
12
21
22
19
25
22
29
28
23
19
25
11
15
21
19
18
19
14
21
17
16
17
22
24
23
12
21
19
25
17
18
21
23
33
19
18
23
17
19
22
14
20
29
38
41
69
142
251
281
293
181
88
44
25
18
28
20
21
7
19
16
17
12
23
22
12
18
19
21
18
14
19
21
31
23
17
22
16
15
22
15
24
25
9
14
14
15
22
14
19
14
14
20
22
13
19
26
20
18
19
22
16
41
42
34
30
28
25
21
20
22
22
18
11
13
26
26
18
18
24
22
12
10
16
12
15
17
23
13
17
17
20
17
13
21
6
13
19
13
17
15
22
12
22
15
7
12
19
14
15
21
17
16
14
20
18
10
11
18
26
16
20
9
20
19
25
15
17
20
24
17
15
16
21
23
27
28
64
54
53
74
42
25
20
21
33
69
106
149
165
157
102
48
38
21
18
18
16
14
16
11
16
17
22
18
12
20
26
17
15
16
21
16
10
18
8
19
12
17
12
24
10
27
21
16
11
19
24
20
12
17
12
16
18
17
17
17
24
20
9
13
19
11
18
18
20
17
11
13
11
18
15
18
10
20
14
12
14
15
12
14
18
8
16
10
36
38
25
34
28
19
17
22
12
16
12
15
14
12
19
16
17
16
10
10
15
14
18
14
14
14
18
11
18
14
17
20
13
21
12
19
15
13
14
14
13
21
11
14
14
14
21
14
12
19
13
23
13
20
11
12
16
17
13
15
16
14
11
17
14
12
14
14
9
16
17
18
11
15
13
8
19
13
22
11
9
15
17
16
12
11
18
14
19
9
14
9
17
13
16
14
24
10
22
12
16
18
12
15
13
14
18
9
17
6
13
20
10
10
14
8
15
12
8
16
15
15
15
15
19
20
22
20
17
17
15
20
9
17
18
17
12
16
11
12
12
15
20
14
12
17
4
16
15
14
14
18
22
28
23
16
17
17
18
20
14
18
19
18
9
17
10
18
15
14
13
17
14
15
13
18
10
16
11
15
18
10
11
11
11
18
12
16
9
15
11
22
21
14
11
15
12
12
10
9
15
12
16
16
9
17
16
13
14
14
18
20
8
14
14
17
14
10
14
14
13
12
13
16
13
15
20
15
20
15
17
17
14
12
6
18
12
14
6
17
9
12
16
19
11
14
13
15
17
5
12
12
9
15
20
17
12
14
13
12
14
15
24
11
7
12
15
21
11
20
16
19
19
18
13
17
18
14
6
4
11
10
14
12
14
15
12
7
15
32
49
67
105
106
94
46
29
13
17
12
11
11
10
13
14
6
10
12
10
14
14
12
16
13
11
12
12
9
22
16
13
16
17
10
12
18
16
17
11
11
16
15
12
16
17
11
9
24
12
11
8
12
13
11
8
15
12
13
14
8
15
6
18
15
13
12
8
10
7
13
14
13
14
15
10
17
10
13
9
9
18
12
15
21
6
18
21
30
16
18
21
9
16
12
20
10
19
17
9
12
13
17
22
18
15
16
11
17
14
14
11
14
10
12
7
11
16
14
12
8
15
12
8
13
8
14
12
19
13
14
21
22
16
14
13
8
19
11
13
13
10
14
9
12
10
11
8
12
13
7
13
17
9
9
9
14
14
8
10
12
11
14
10
17
10
9
13
12
11
14
9
12
14
10
11
8
22
13
18
14
8
10
14
15
13
8
13
14
8
9
17
8
8
13
10
10
13
9
10
12
13
16
9
16
9
11
15
14
12
13
16
12
12
11
17
10
20
14
13
13
15
10
16
14
9
5
14
10
10
17
12
14
11
9
15
8
8
18
12
15
9
14
11
10
12
14
7
7
10
11
13
12
14
19
13
8
14
12
18
12
9
11
15
11
12
14
14
10
13
10
15
7
10
13
14
19
18
7
13
8
13
10
10
11
15
14
19
30
28
41
50
44
35
22
14
18
13
10
8
7
8
11
15
5
7
11
7
14
19
14
18
12
10
14
18
11
16
15
7
10
17
13
14
13
10
12
10
16
15
9
14
12
8
10
12
5
8
16
11
17
14
15
11
16
14
12
6
12
7
10
9
10
11
10
9
17
9
8
5
9
12
9
19
14
7
11
8
11
5
10
8
12
11
16
13
8
18
6
16
13
10
10
14
11
12
11
8
11
11
7
6
15
16
18
23
25
11
16
17
15
6
14
6
9
7
8
10
13
11
12
8
11
17
9
11
16
15
16
12
8
11
12
7
8
7
8
6
11
16
6
9
12
14
12
8
14
15
16
15
7
11
10
8
16
15
8
13
9
6
17
4
10
11
6
12
11
9
14
12
12
10
12
8
13
10
14
13
11
6
7
8
8
10
10
10
15
4
8
4
14
12
14
9
11
7
3
15
5
12
16
7
4
14
14
9
10
6
15
6
6
8
10
7
8
11
11
8
12
10
9
9
14
6
9
3
7
7
6
14
14
10
13
15
18
6
6
17
9
5
9
7
9
11
7
7
13
4
8
17
13
8
10
9
4
8
13
12
10
11
7
14
10
6
6
4
10
15
12
6
14
11
9
15
10
10
5
12
7
16
9
10
11
11
9
11
8
6
7
12
8
7
9
12
14
7
13
9
8
5
12
7
13
11
13
7
10
5
13
10
9
9
16
3
10
12
7
11
12
10
8
12
6
5
11
10
14
14
6
4
6
8
16
12
11
10
17
6
18
31
23
39
24
20
10
13
11
16
7
9
6
6
8
5
9
9
8
9
9
4
15
9
6
9
14
13
15
7
7
8
11
8
7
13
12
12
8
8
6
8
10
7
4
16
10
12
8
10
3
6
12
11
12
12
8
8
16
12
12
21
11
13
11
7
12
2
7
9
8
6
11
8
12
23
21
23
17
21
13
6
7
9
7
13
4
5
7
12
8
10
8
3
7
14
9
12
7
9
6
10
11
9
6
14
9
9
8
6
6
4
8
5
5
9
6
14
7
8
7
5
9
12
6
7
11
7
4
6
10
6
7
10
5
11
9
11
7
5
6
7
9
9
5
7
7
13
9
10
10
8
8
14
6
7
12
8
6
5
6
8
8
7
5
11
6
8
7
9
10
8
7
8
6
8
3
6
10
10
6
14
7
14
9
11
6
6
8
5
7
8
2
8
6
4
7
6
5
14
16
34
36
78
83
111
111
75
60
39
14
3
9
9
12
5
13
11
15
6
2
11
8
7
13
6
11
4
8
9
10
15
9
6
12
7
9
7
11
4
6
12
5
7
7
6
10
5
10
9
9
10
7
14
8
7
13
6
13
10
6
7
6
9
13
11
10
9
9
5
6
4
7
7
8
6
11
2
5
9
2
7
8
3
6
9
7
8
5
7
10
12
6
14
8
11
8
14
10
7
11
5
13
5
8
12
6
10
6
4
9
5
8
9
5
9
5
7
8
8
9
13
18
19
15
24
12
13
4
12
13
14
11
8
8
10
7
8
4
8
8
6
10
9
5
3
7
1
9
11
8
9
6
8
6
6
6
9
5
4
6
7
8
8
3
5
13
4
6
8
7
7
7
8
12
9
9
9
5
10
4
6
2
7
6
7
6
8
7
9
11
7
7
8
8
11
4
10
2
9
8
9
7
6
5
11
5
11
6
11
8
8
5
10
7
8
6
8
6
1
10
3
7
3
3
9
6
5
5
8
6
10
7
8
8
4
7
13
7
9
8
5
9
4
6
4
3
4
4
5
3
10
10
6
9
9
6
3
10
4
5
8
9
5
6
2
6
4
7
11
9
5
6
7
7
4
6
5
13
8
9
5
5
9
6
7
8
4
8
3
9
3
9
2
8
9
10
11
11
10
10
8
9
8
12
11
12
7
7
3
7
15
10
11
19
19
23
25
18
14
6
5
11
9
13
13
22
28
10
12
15
9
8
9
5
6
7
7
4
5
5
6
7
8
6
6
4
6
6
4
12
4
5
5
5
10
7
8
6
11
10
5
8
3
2
8
11
1
4
4
10
12
7
12
6
8
3
5
8
10
8
7
7
4
10
8
7
7
9
3
5
8
10
14
16
9
11
10
12
10
6
4
8
9
5
6
6
6
2
12
8
7
8
4
5
10
4
8
15
17
19
15
5
7
5
7
4
1
4
9
6
6
9
7
12
6
5
8
7
8
6
5
6
6
6
3
4
3
3
3
5
9
7
5
7
7
2
4
6
3
4
3
7
8
5
11
6
3
8
5
6
3
9
4
6
5
4
3
3
7
4
5
2
3
9
5
13
4
3
3
5
7
5
8
13
13
6
5
8
9
7
3
4
2
8
9
5
9
5
5
5
4
6
2
6
5
8
3
7
3
8
9
5
3
7
8
4
5
3
3
4
5
7
2
4
3
6
9
4
10
13
6
10
5
9
8
3
5
6
11
4
7
3
4
4
1
6
5
6
4
2
2
9
6
3
3
8
10
8
15
5
8
10
8
7
6
9
5
4
7
5
7
4
5
4
5
6
3
5
10
3
5
4
4
2
7
5
8
10
0
9
8
5
7
9
3
7
5
7
4
3
6
3
7
1
5
9
3
2
6
12
5
8
8
6
7
6
5
8
7
2
3
2
0
5
6
1
9
3
2
2
4
2
3
5
5
7
7
7
7
1
4
3
4
5
9
7
12
10
18
15
19
17
16
12
13
7
6
4
6
4
7
7
11
6
3
4
3
2
3
1
4
6
7
3
2
7
3
3
9
3
6
5
4
4
7
6
5
4
5
2
6
1
7
3
7
3
10
9
6
4
2
3
5
6
6
5
4
3
9
6
6
4
2
4
2
6
7
4
9
4
7
9
4
3
4
3
5
8
5
16
19
31
42
77
78
71
81
45
27
13
6
6
2
6
2
7
7
2
6
10
3
5
4
6
6
2
4
6
5
6
6
9
3
4
4
6
8
5
4
9
10
4
7
7
3
5
8
8
6
0
5
6
6
3
3
7
4
7
6
8
0
6
6
4
8
5
8
6
3
3
4
3
6
4
4
4
7
4
5
3
3
1
5
5
8
5
3
5
6
2
4
7
2
4
5
3
4
7
9
4
3
5
10
6
4
5
5
4
7
5
7
5
11
6
4
10
3
4
6
5
3
5
1
5
1
10
5
5
1
4
2
3
8
4
9
3
7
5
11
5
1
3
6
5
7
4
4
5
6
3
2
5
4
9
7
5
3
5
3
5
3
6
6
4
3
2
3
2
0
6
10
8
3
5
2
3
2
4
10
4
3
4
6
1
4
5
2
9
3
4
2
9
6
2
2
8
4
2
2
4
9
4
3
7
6
17
7
23
10
9
8
5
6
7
4
3
6
6
5
6
2
3
4
4
4
6
8
5
3
3
1
3
5
8
4
7
0
3
5
2
6
8
5
4
4
1
6
5
1
5
3
3
6
1
5
5
2
6
6
6
3
3
6
8
4
5
5
4
6
7
6
8
6
4
5
3
3
1
3
4
4
4
3
6
8
3
1
7
1
6
4
2
7
6
5
8
6
6
3
5
5
5
3
5
5
4
10
2
6
6
5
6
6
2
5
5
6
4
5
5
3
4
2
1
8
7
5
1
11
10
3
2
7
3
5
6
4
2
6
3
5
4
4
4
5
6
6
5
4
3
2
11
4
2
6
5
5
5
8
8
4
5
5
5
3
6
4
3
9
5
3
5
8
7
9
2
2
5
3
5
4
4
4
4
4
5
3
8
2
4
2
6
6
6
5
3
1
2
8
4
5
4
4
5
4
5
5
6
3
3
7
4
5
7
2
4
3
5
6
2
4
5
9
4
5
11
3
6
5
7
3
5
2
2
2
8
6
5
6
5
3
3
5
6
2
7
7
3
4
7
3
3
12
7
6
6
7
1
6
4
6
3
3
6
5
8
3
2
4
7
5
5
6
5
4
3
5
6
6
3
4
0
3
1
6
4
2
3
6
4
3
4
2
3
5
6
6
2
9
3
4
1
8
6
3
1
3
5
2
3
6
2
6
5
5
3
5
3
3
4
3
5
3
5
7
8
0
4
7
4
0
6
1
6
7
4
4
3
4
4
4
3
6
2
7
4
2
3
5
1
3
3
5
2
4
8
4
2
6
5
5
7
7
4
5
3
3
3
4
2
11
3
4
3
0
2
4
4
1
4
6
5
5
1
3
1
4
1
1
2
2
4
5
5
8
5
2
1
2
2
3
2
2
3
4
1
7
4
6
6
9
9
9
2
3
8
1
6
2
1
2
2
4
6
3
4
7
5
4
3
5
1
1
1
3
3
3
1
4
8
4
7
4
6
5
7
4
3
8
5
5
2
5
3
4
4
1
4
2
4
3
3
6
4
4
1
1
4
6
5
1
4
4
2
3
7
4
3
4
4
5
7
2
1
4
1
1
8
6
2
5
6
4
4
2
3
2
1
3
3
4
2
5
6
2
3
3
4
3
4
6
6
2
3
2
3
3
4
2
3
1
5
2
2
9
6
2
6
6
3
2
2
6
7
3
2
5
6
3
4
5
3
6
6
10
4
2
5
5
3
3
4
5
4
5
4
6
5
2
3
2
4
5
4
3
6
5
3
6
6
3
2
2
7
3
4
4
1
4
4
4
4
0
4
5
7
6
6
5
3
2
2
7
0
3
6
4
8
5
5
5
6
4
3
6
5
2
5
6
1
3
1
5
4
3
3
5
9
5
4
2
3
7
7
10
7
7
12
8
15
15
16
13
13
12
11
12
3
4
4
5
1
4
4
2
4
6
6
0
4
5
3
2
2
3
4
5
2
2
8
1
5
5
6
2
11
7
9
9
3
7
6
6
4
5
7
2
3
1
1
3
1
2
5
3
5
4
2
3
4
3
3
4
1
6
6
1
4
4
3
5
4
5
7
4
2
1
4
4
3
4
5
2
6
2
4
3
2
4
2
6
6
3
0
5
7
1
6
4
6
6
2
1
2
1
6
2
5
6
4
3
5
2
4
3
5
8
3
1
1
2
4
4
4
6
3
4
2
4
5
6
3
3
5
3
3
1
3
6
3
2
3
1
2
3
4
9
2
3
6
4
1
1
5
4
10
4
4
2
4
3
5
3
2
5
2
4
2
2
4
6
2
4
1
4
6
6
2
3
4
5
3
4
3
4
4
5
4
6
4
4
4
7
5
3
2
5
3
3
3
1
4
2
6
4
4
2
3
4
4
4
4
4
3
3
9
8
1
2
5
6
1
4
0
3
4
2
3
6
5
5
4
4
3
6
3
6
2
4
4
7
8
10
19
13
19
26
16
14
13
9
8
1
5
0
3
6
4
4
4
2
8
4
4
6
5
6
1
7
3
2
4
6
5
4
0
6
2
4
2
3
7
1
5
2
2
3
5
2
7
3
1
3
4
3
1
2
3
4
6
7
3
3
2
1
9
4
2
5
6
2
1
6
4
3
5
2
2
3
6
3
4
5
8
3
5
5
3
4
4
3
5
4
1
9
3
3
5
4
5
3
5
7
3
5
2
4
4
2
5
3
3
2
3
3
1
4
1
4
6
3
3
2
0
3
2
7
5
5
7
2
2
2
4
1
5
3
4
3
1
7
2
6
7
2
5
4
2
5
3
1
3
4
6
5
4
3
3
4
4
4
3
4
7
7
2
2
2
3
1
1
3
2
5
4
5
2
5
2
5
5
5
8
4
3
3
2
5
4
1
3
5
4
6
5
4
4
6
4
4
2
6
1
3
6
2
1
4
0
8
4
2
2
2
0
4
4
5
3
4
6
4
5
0
4
8
6
8
3
7
1
4
4
4
1
2
3
6
6
5
3
6
3
6
2
2
4
2
6
0
8
7
9
7
3
4
3
9
7
7
1
1
3
6
3
5
3
1
4
2
5
7
10
7
3
4
5
4
3
3
0
2
2
5
6
6
7
5
5
3
1
5
6
1
6
0
5
3
5
7
4
1
1
7
3
5
7
1
4
8
3
7
5
6
6
3
5
2
3
5
7
1
5
7
4
4
4
9
1
5
6
8
3
3
3
7
4
4
6
7
5
4
2
3
6
5
5
3
6
1
3
1
3
4
3
1
3
7
5
3
1
8
3
1
3
8
3
4
6
2
2
1
2
8
6
2
3
6
4
6
5
3
2
5
4
2
6
4
4
5
2
6
6
10
6
5
4
2
8
4
4
6
3
3
4
7
7
5
4
6
4
4
5
4
2
2
3
9
5
5
1
2
6
8
5
7
7
6
7
6
4
0
3
5
1
4
4
3
4
4
2
3
4
6
0
4
5
7
4
6
3
1
9
2
4
3
3
4
1
4
6
2
4
3
3
2
6
3
4
4
6
8
1
4
3
2
4
4
1
2
4
4
6
3
1
4
4
4
3
6
2
3
2
3
5
4
1
2
6
4
2
1
1
1
3
3
4
2
2
4
4
3
2
2
3
2
3
2
3
2
2
6
6
2
2
5
3
1
5
2
4
2
4
0
3
1
4
4
6
3
3
3
1
1
5
4
2
1
7
2
3
1
2
3
6
2
3
3
3
5
1
3
2
2
7
4
3
3
3
4
0
0
5
5
3
2
2
1
6
4
0
2
4
2
2
1
4
3
3
2
5
3
2
5
1
6
12
5
9
8
5
7
5
3
3
6
5
3
8
5
3
3
2
1
0
2
3
6
0
2
0
3
3
3
3
3
2
3
1
2
1
2
3
4
4
0
6
1
4
4
5
2
2
3
2
0
5
2
1
7
2
1
5
3
3
2
0
2
2
4
1
3
0
4
0
3
4
2
2
0
2
2
3
2
7
1
3
3
2
3
2
3
6
1
5
2
2
1
2
3
2
1
7
2
3
2
1
4
2
2
3
2
2
1
1
2
3
1
2
7
4
4
4
1
3
2
1
1
4
3
4
1
2
3
1
1
1
1
3
5
6
4
4
5
3
1
0
0
3
1
3
4
2
3
2
6
4
3
1
2
3
4
4
2
1
3
1
0
3
3
3
2
3
2
2
2
2
1
3
2
2
4
3
0
2
1
2
1
3
3
5
2
1
4
1
2
4
2
0
1
0
3
3
2
3
1
0
1
1
3
2
1
3
1
1
5
0
1
4
0
0
5
2
2
1
5
3
2
0
2
4
2
3
2
1
0
2
1
3
1
1
0
1
2
5
1
2
2
1
2
1
2
2
3
1
3
1
1
1
0
0
2
1
6
0
4
1
5
1
0
4
2
2
1
0
4
0
1
0
8
0
1
4
0
2
1
0
2
3
2
1
1
2
2
1
1
1
2
5
0
1
2
4
2
4
2
1
0
3
1
2
0
3
0
1
1
0
2
0
4
2
1
1
4
1
2
2
0
1
1
0
2
2
3
1
1
2
1
0
2
0
1
2
3
3
2
1
5
2
2
1
0
2
3
3
1
2
3
4
2
1
1
0
1
0
2
6
0
4
1
3
0
2
1
3
3
1
4
0
1
0
2
1
1
2
3
1
5
3
1
2
1
3
2
1
0
2
4
3
2
2
2
2
3
4
0
4
6
8
10
18
28
41
61
91
89
114
82
76
44
36
13
9
1
3
2
2
3
0
1
0
1
3
4
3
0
1
0
3
2
0
0
0
4
4
3
0
0
1
1
3
1
0
3
2
2
3
3
1
2
2
0
1
2
1
1
1
2
2
1
1
1
2
1
3
2
5
1
1
6
2
2
2
0
2
0
2
3
5
2
1
1
2
2
2
2
0
3
1
2
0
2
1
2
4
2
3
4
1
0
0
2
0
1
3
2
1
0
1
1
1
1
4
1
2
1
4
2
1
1
1
1
2
1
1
1
0
0
1
2
2
0
1
1
2
1
1
2
1
1
2
0
1
2
1
0
3
4
1
1
1
2
0
3
2
1
2
1
2
0
0
0
2
2
1
1
0
1
1
3
0
2
1
0
3
3
0
3
2
1
3
0
1
2
3
3
4
1
0
2
1
1
4
3
1
1
1
4
1
3
2
4
2
4
0
2
1
1
4
1
0
1
3
1
0
2
2
2
3
0
2
0
1
2
0
0
1
3
2
3
1
0
1
1
2
1
1
0
2
2
3
2
2
1
3
3
1
4
2
1
4
3
2
1
1
3
0
1
1
3
2
2
2
1
1
1
2
1
1
2
1
1
0
1
3
2
1
3
2
2
1
1
3
4
1
0
1
2
2
4
1
1
1
4
1
3
1
1
0
1
4
1
2
0
1
1
0
1
1
1
2
1
3
3
2
1
3
2
1
1
2
1
2
0
1
2
0
3
2
2
4
3
1
2
1
2
1
0
1
4
4
1
1
0
1
0
0
1
1
3
2
1
3
2
0
4
2
2
1
2
2
0
0
2
0
2
3
2
1
2
3
2
0
2
0
1
1
5
2
2
2
2
1
1
4
0
0
2
1
4
3
0
1
2
1
0
1
2
2
0
3
2
2
3
2
3
2
4
2
1
2
3
1
2
1
2
2
4
1
2
1
2
0
1
0
2
3
2
0
0
2
1
1
3
1
3
3
1
1
0
1
0
4
3
0
4
1
0
2
0
1
1
0
2
1
2
2
3
0
1
1
2
2
2
2
2
1
2
1
1
1
2
0
2
2
3
2
0
0
0
1
2
1
1
0
0
2
0
5
3
0
2
1
0
4
0
2
3
3
2
1
1
3
2
1
3
3
2
1
1
2
2
2
0
2
2
0
0
2
1
4
1
3
1
3
1
1
2
0
0
2
3
1
3
2
0
0
1
1
1
2
4
4
1
3
3
2
3
1
1
1
1
2
2
2
6
1
1
1
3
0
2
2
2
1
1
0
1
2
2
5
1
3
0
2
3
2
0
4
0
0
3
3
0
1
1
3
1
0
1
0
2
5
0
3
1
2
0
2
1
1
0
2
1
1
4
0
0
0
0
0
4
3
4
1
1
0
0
0
3
2
3
1
2
3
1
1
2
0
1
0
4
3
1
0
0
3
2
0
2
0
1
1
2
0
3
0
1
0
2
0
0
2
1
2
4
0
1
1
1
1
0
1
0
2
1
3
3
1
1
0
1
2
0
0
1
2
2
2
1
0
0
1
0
1
2
3
0
3
2
2
1
1
2
0
1
2
4
1
0
2
0
1
1
1
1
1
2
3
0
1
1
1
2
4
3
0
1
1
1
1
0
2
2
0
0
0
3
2
2
1
0
2
2
3
0
0
0
0
4
2
0
1
2
1
1
1
6
1
0
1
0
1
2
1
2
1
1
3
1
0
1
0
1
0
3
2
0
1
2
2
2
0
2
2
0
0
0
0
1
1
2
2
2
2
2
0
3
2
1
1
2
0
0
2
0
1
2
1
1
0
2
1
2
0
0
1
1
3
0
1
2
1
1
2
1
1
2
0
1
1
2
0
1
1
1
1
2
0
3
2
2
1
0
1
0
3
1
4
1
1
0
0
2
1
1
0
1
1
1
1
1
3
2
2
3
1
2
1
2
1
0
0
4
2
1
4
1
2
1
0
2
3
2
3
1
1
3
1
4
1
2
1
1
1
0
1
1
1
2
0
2
0
2
1
0
2
2
0
2
1
2
2
0
2
0
1
1
1
2
0
2
1
1
1
1
1
2
2
0
2
1
1
0
2
3
2
1
1
0
0
2
2
3
3
2
2
1
1
1
2
2
3
0
4
3
2
2
2
1
0
0
0
3
0
0
0
2
2
0
1
2
2
0
1
0
1
2
3
1
1
3
2
0
2
0
1
1
1
1
2
2
0
2
0
2
0
0
1
0
2
0
0
1
0
2
2
2
1
0
3
4
1
3
0
1
1
0
2
2
0
1
1
1
1
2
3
2
0
0
2
0
2
2
2
2
0
0
2
1
1
2
2
2
1
0
0
1
3
0
0
1
1
0
1
1
0
0
1
1
1
3
1
1
3
1
3
1
1
1
0
1
1
0
2
0
0
0
3
2
1
0
2
2
2
0
1
1
2
0
1
1
1
2
0
4
0
0
3
2
0
3
1
0
1
0
1
2
0
3
0
0
1
1
0
0
2
1
0
1
0
2
1
2
1
1
1
1
2
0
0
2
1
1
0
2
2
0
1
0
1
3
2
2
1
1
0
1
2
2
0
1
1
3
2
1
0
1
2
0
2
0
3
1
3
2
2
1
2
0
0
1
1
1
2
1
3
3
3
1
1
0
1
3
3
2
0
0
0
1
4
2
2
2
0
0
1
1
5
1
2
3
0
1
2
0
0
0
2
2
0
4
1
1
0
1
2
2
2
0
1
1
2
0
1
2
0
2
1
1
0
2
0
1
1
1
3
3
0
0
0
1
3
2
2
2
3
2
3
0
3
0
2
2
3
1
3
0
7
1
2
0
2
1
1
4
0
0
2
2
2
1
0
1
1
2
1
1
0
1
3
2
0
2
1
0
0
3
1
1
1
1
2
0
0
0
0
1
3
2
0
1
1
1
2
0
1
3
0
2
0
0
0
2
0
1
1
1
1
1
2
1
2
1
1
0
1
2
0
4
0
3
1
1
0
1
1
1
0
1
1
4
2
1
0
1
0
0
2
1
0
2
0
0
1
2
2
1
0
1
0
1
0
2
1
2
1
0
3
3
1
1
1
1
0
1
1
1
1
0
1
1
1
1
1
1
0
0
0
0
0
1
0
0
1
0
0
2
5
2
2
1
1
0
0
1
1
1
0
4
1
1
2
3
1
2
1
2
1
2
0
0
2
2
1
1
1
3
1
0
0
1
3
3
4
2
3
7
4
1
3
4
1
0
1
2
2
2
2
2
3
0
1
2
1
0
0
2
0
0
1
1
1
1
2
0
3
0
1
1
0
1
0
2
3
2
0
4
3
1
0
0
0
0
1
2
1
0
2
0
0
1
0
0
1
0
0
1
3
1
0
3
0
1
2
1
0
0
1
0
4
2
0
0
0
1
0
2
2
5
1
4
2
1
2
0
2
0
2
2
1
0
1
0
3
1
2
0
1
1
0
2
0
2
2
1
0
1
1
0
0
1
0
3
2
1
1
5
0
2
0
1
1
3
1
0
0
1
2
1
2
1
0
1
0
1
1
3
0
0
0
1
0
3
0
0
0
2
1
1
2
0
0
2
1
1
1
3
1
3
0
1
0
2
0
3
2
1
1
3
2
1
2
1
0
0
3
0
1
1
0
0
1
1
2
2
2
3
2
0
1
0
0
2
1
1
0
0
0
0
2
4
2
1
2
2
1
1
0
1
0
2
1
0
1
1
0
2
2
0
3
1
0
0
1
1
0
1
2
0
3
1
1
2
1
0
0
1
2
0
3
2
1
0
0
2
1
2
0
0
0
1
1
2
0
0
0
2
1
2
0
0
2
3
1
3
1
1
4
1
0
0
0
0
0
0
0
0
0
0
0
0
0
0
0
0
0
0
0
0
0
0
0
0
0
0
0
0
0
0
0
0
0
0
0
0
0
0
0
0
0
0
0
0
0
0
0
0
0
0
0
0
0
0
0
0
0
0
0
0
0
0
0
0
0
0
0
0
0
0
0
0
0
0
0
0
0
0
0
0
0
0
0
0
0
0
0
0
0
0
0
0
0
0
0
0
0
0
0
0
0
0
0
0
0
0
0
0
0
0
0
0
0
0
0
0
0
0
0
0
0
0
0
0
0
0
0
0
