Nom du fichier: Prlvt 3.Chn
Date: 04Sep201
Heure: 125135
Temps réel (s): 86427.06
Temps vivant (s): 86400.0
Dead time: 0,03 %
Offset des données: 0
Longueur des données: 8192
Coefficients de calibration énergie: 0.02581399, 0.2498909, 1.392609E-8
Coefficients FWHM: 2.365561, 0.001095137, -5.387246E-8
Coefficients de forme des pics: 0.0, 0.0, 0.0
Description du détecteur: DET06
Description de l'échantillon: 

Données du spectre (entiers):
0
0
0
0
0
0
0
0
0
0
0
0
0
0
0
0
0
0
0
0
0
0
0
0
0
0
0
0
0
0
0
0
0
0
0
0
0
0
0
0
0
0
0
0
0
0
0
0
0
0
0
0
0
0
0
0
0
0
0
0
32
669
1889
2638
3589
673
364
425
487
609
619
736
695
641
626
610
552
573
572
587
556
609
567
605
590
563
566
538
530
532
522
520
510
548
564
507
541
498
482
561
527
523
526
537
521
493
482
547
514
543
576
589
574
551
563
521
497
498
513
528
527
565
556
513
560
581
577
567
581
525
573
524
548
577
560
597
606
614
617
657
665
624
642
668
693
691
699
760
712
795
790
846
1028
955
768
728
736
758
770
809
856
805
783
877
848
847
789
843
829
887
854
818
961
929
967
1034
959
976
1134
1666
2236
1962
1302
1053
1441
2473
3105
2087
1091
896
843
871
886
821
851
879
908
896
837
825
854
938
1001
1097
1081
1039
871
915
984
1249
1507
1652
1326
980
906
889
1146
1431
1309
1044
924
905
961
1338
1610
1641
1459
1047
942
874
845
838
821
834
875
809
857
817
879
918
955
938
885
800
837
784
766
798
805
866
875
850
842
851
926
948
921
872
883
841
822
819
842
953
853
821
844
848
811
860
869
862
832
888
896
830
811
852
826
883
817
793
772
791
809
772
777
808
797
785
762
819
816
773
832
726
812
819
769
802
812
808
789
821
833
814
774
832
793
790
793
841
986
1086
936
803
878
770
818
787
773
783
807
754
765
802
757
717
745
735
767
767
747
768
721
756
745
769
746
735
708
698
696
727
795
686
699
763
802
815
765
715
676
732
750
712
692
713
671
713
732
670
645
696
720
712
661
684
729
724
664
679
680
783
744
717
712
664
661
636
652
640
627
656
645
617
660
638
651
692
649
631
648
635
623
649
622
657
630
619
592
624
609
633
649
654
605
614
554
590
584
546
598
580
611
570
604
613
572
605
573
597
583
577
568
541
568
559
578
547
559
589
585
601
553
592
551
564
542
567
573
591
561
548
516
543
562
532
573
702
869
1038
1070
777
611
542
490
547
503
497
555
524
526
537
528
504
496
471
540
542
501
501
514
516
505
490
499
508
495
513
472
489
530
495
553
505
508
473
500
539
549
460
485
469
471
484
492
456
463
488
457
464
492
515
502
467
521
650
859
822
611
495
492
482
401
476
449
452
443
456
480
480
460
469
474
495
458
437
425
453
416
454
429
441
434
402
449
400
403
419
410
419
416
419
410
411
397
397
423
388
459
429
409
436
393
399
467
404
369
392
378
398
435
398
387
403
389
413
425
428
384
365
439
423
442
412
429
617
1628
3837
5129
3667
1283
519
505
714
874
889
816
628
444
340
341
317
356
337
311
362
305
342
310
335
326
329
324
362
330
362
351
294
305
300
342
352
343
319
319
346
304
334
311
308
322
321
310
288
300
302
314
335
311
310
287
340
315
304
298
268
301
282
294
332
293
288
296
275
290
281
292
295
283
285
270
306
345
417
528
557
508
393
327
299
257
288
290
285
256
342
280
310
272
279
287
394
455
428
350
274
273
236
321
246
242
274
265
279
246
290
288
280
258
270
252
266
264
254
249
284
253
264
263
288
286
270
253
248
254
245
253
250
246
251
273
255
284
333
542
877
1134
855
467
248
255
221
260
262
238
282
308
452
539
398
294
223
265
234
272
218
235
243
219
229
207
238
230
261
239
254
218
207
203
231
245
220
224
214
261
205
204
228
234
245
235
216
232
221
234
216
237
211
209
214
208
203
239
222
217
210
227
217
214
223
220
222
210
228
208
225
229
206
207
211
197
210
214
230
297
411
436
348
258
245
203
216
202
203
192
220
253
225
200
189
216
224
195
184
214
178
204
193
266
456
865
1095
781
392
219
205
190
241
216
207
197
181
156
192
185
190
184
181
203
197
208
180
191
174
167
185
190
192
212
194
211
296
614
1269
1655
1328
641
273
182
181
188
169
157
157
189
166
167
181
181
147
156
160
187
166
194
173
191
182
167
169
158
175
168
148
184
158
150
165
180
152
129
152
167
149
158
173
151
173
178
128
168
168
174
168
187
148
154
148
150
171
172
156
140
157
161
165
172
154
183
181
162
147
156
162
165
153
178
123
146
147
156
145
170
152
145
141
158
160
175
155
136
148
144
156
162
155
164
157
148
145
167
161
150
148
162
155
156
153
165
153
162
172
151
155
157
135
149
149
146
138
135
166
148
159
188
175
164
175
156
146
153
156
144
150
147
141
148
134
122
153
142
147
171
197
216
236
160
164
150
132
142
140
121
142
150
127
156
139
166
122
142
144
149
139
147
165
154
149
119
159
123
129
115
155
142
159
135
130
144
130
125
142
128
124
134
125
126
126
135
121
157
113
124
106
120
123
135
134
131
126
119
114
145
125
128
148
101
118
117
110
117
132
121
134
105
125
101
126
124
143
129
128
129
114
110
108
130
120
114
121
119
140
119
132
133
141
108
126
126
130
129
113
107
132
101
122
99
106
112
136
143
131
128
115
103
98
124
109
121
91
114
121
91
128
107
116
111
108
109
110
111
121
137
211
286
332
256
183
128
98
126
112
104
104
129
115
131
111
123
108
110
117
119
134
123
137
102
112
104
117
100
109
122
116
106
101
121
85
86
118
108
114
124
113
105
118
117
119
103
106
106
112
107
89
93
84
90
103
106
93
113
115
99
95
109
100
99
102
109
96
104
107
92
99
107
112
111
98
100
99
108
106
96
86
98
102
113
94
80
100
111
86
99
104
96
106
100
110
74
100
106
103
84
87
106
101
98
90
106
103
116
99
111
105
108
120
159
185
253
380
580
750
627
477
312
250
187
135
119
122
110
82
112
112
87
81
87
72
85
101
91
95
75
99
93
90
100
95
98
95
106
83
90
100
94
93
86
79
94
86
78
88
89
105
100
83
93
90
107
97
119
116
90
85
75
99
117
95
105
82
87
86
85
89
88
91
98
77
84
92
86
82
78
77
92
83
104
92
100
89
90
94
95
100
90
101
93
92
99
91
69
85
99
86
91
90
99
93
95
94
85
64
94
85
75
81
99
92
88
101
97
88
83
90
77
87
86
79
95
86
86
77
90
85
92
84
120
138
120
115
72
70
89
99
96
85
94
91
77
89
82
88
86
98
102
111
88
89
85
81
99
90
85
92
87
93
90
83
85
71
79
77
79
69
89
85
85
86
57
90
101
89
71
92
167
302
764
1160
1203
846
378
147
84
92
90
101
74
70
72
85
65
80
80
73
82
72
52
79
70
64
70
82
69
68
86
73
74
83
80
67
64
80
92
79
87
65
79
94
75
60
97
84
82
83
74
72
74
65
75
69
66
64
65
72
80
82
90
80
174
418
814
1122
1137
627
245
114
75
61
66
76
66
65
75
75
70
89
73
80
80
76
89
71
70
73
74
64
84
67
73
91
52
73
65
69
86
69
79
52
56
54
61
66
70
73
67
66
75
81
56
61
68
66
84
63
59
57
70
64
53
67
73
85
75
69
66
75
52
66
84
75
65
63
76
61
76
64
68
59
60
54
65
57
75
64
65
72
80
82
53
55
54
90
64
66
68
58
73
71
76
69
66
83
67
68
72
86
72
65
63
74
70
65
72
72
78
69
62
68
73
63
58
61
76
65
57
62
82
65
76
67
72
73
60
58
62
73
78
89
100
94
79
67
54
64
78
64
51
83
69
61
73
64
55
67
57
77
69
63
62
68
73
74
88
69
58
55
70
71
62
72
65
65
56
59
74
71
58
57
64
68
70
68
76
84
65
68
62
65
66
67
69
62
61
77
57
87
57
51
55
58
68
66
65
69
60
62
70
66
63
73
57
82
63
56
51
65
84
58
61
74
65
56
87
65
74
65
90
89
72
59
81
69
63
80
57
64
67
64
64
82
77
64
68
59
56
60
72
62
64
60
52
69
59
68
63
61
51
56
61
68
56
55
56
56
55
54
68
46
74
80
62
80
61
70
66
57
62
67
63
65
59
57
55
47
62
73
120
179
258
330
255
122
85
57
59
53
65
53
54
63
53
48
61
40
70
61
61
67
52
51
54
59
47
56
50
56
64
45
54
65
66
62
68
41
50
68
68
54
57
64
51
49
56
58
50
50
42
51
70
47
50
69
60
43
48
51
58
65
51
67
52
55
71
63
54
66
76
94
82
64
54
51
45
60
60
57
61
54
57
48
48
64
47
62
64
57
65
64
69
59
45
49
54
58
49
61
63
88
132
148
122
114
71
54
48
43
61
87
95
69
79
56
37
45
42
48
56
40
50
43
54
45
61
51
53
50
50
43
51
54
44
53
71
65
54
51
49
39
48
74
85
106
102
63
62
54
59
48
35
51
45
55
66
48
54
51
38
53
60
42
56
87
115
186
187
131
75
61
51
37
57
61
50
40
42
53
52
36
48
51
50
58
46
53
51
41
47
52
48
45
60
85
64
54
48
57
49
47
47
48
40
41
44
49
51
54
57
46
41
48
41
43
41
54
61
39
41
48
38
31
48
33
53
49
49
50
43
54
45
49
52
46
45
35
35
43
51
61
35
43
48
48
38
53
46
42
40
44
49
63
70
68
50
66
47
56
45
46
56
50
49
69
81
74
96
60
50
57
48
52
63
57
69
59
59
68
60
51
47
40
39
36
35
44
44
38
43
44
42
31
41
43
42
44
49
46
48
28
45
47
37
38
33
34
42
47
38
33
35
38
37
34
52
36
42
37
40
38
46
38
46
92
123
193
161
134
87
57
38
43
27
35
42
39
32
34
41
46
35
36
40
31
45
39
41
37
54
37
31
39
38
43
38
40
60
50
31
36
46
47
33
44
34
46
37
36
48
34
51
39
46
38
38
49
44
44
38
41
38
40
40
33
43
39
39
42
46
38
33
38
42
48
34
50
34
35
39
52
38
26
47
36
43
37
42
41
43
42
38
56
33
43
38
45
39
39
49
32
43
34
44
27
29
47
38
36
43
52
60
51
62
62
39
50
49
36
57
31
41
25
23
40
59
93
198
426
714
767
572
355
148
75
38
46
26
30
43
31
39
43
35
30
43
32
28
26
31
32
38
35
40
35
40
35
34
32
37
40
31
38
36
36
31
45
36
40
34
37
25
27
36
39
44
40
33
32
31
27
39
34
50
59
83
89
50
37
40
27
34
30
36
32
35
45
34
26
37
34
32
30
31
34
37
24
30
35
29
46
41
28
33
37
34
40
43
35
27
27
36
35
36
29
32
43
36
48
36
28
38
28
29
33
35
30
37
31
31
38
43
36
52
35
37
34
24
43
44
38
19
38
40
34
38
37
53
88
130
172
154
117
58
46
43
51
96
157
285
404
455
346
182
77
46
33
27
35
30
36
26
35
34
26
34
44
25
43
35
42
41
24
22
38
37
47
32
19
35
29
33
39
24
35
38
29
31
34
39
27
33
39
21
37
36
40
41
45
28
25
29
29
27
32
40
26
35
28
34
41
36
34
37
30
39
36
36
43
28
26
31
33
28
27
28
35
43
51
67
52
37
42
29
19
43
24
28
20
45
33
23
29
29
32
30
26
35
31
30
39
28
33
36
31
33
20
30
28
34
27
23
28
33
32
29
32
39
32
37
23
45
27
31
29
32
39
21
39
36
31
28
31
34
23
23
25
29
22
35
29
32
28
30
31
24
30
23
28
39
34
38
36
32
32
35
34
31
24
28
31
41
25
33
30
40
31
25
29
39
35
27
30
27
43
28
33
23
40
23
27
39
34
31
27
28
26
30
24
25
28
36
22
22
27
44
28
23
27
34
22
32
36
35
37
28
25
24
30
24
24
28
29
30
33
28
34
20
36
29
34
33
28
33
29
20
24
25
35
33
27
24
45
44
36
43
29
35
27
25
22
27
30
37
35
39
36
29
39
35
29
32
32
35
27
24
29
21
28
34
31
39
31
34
28
40
34
39
47
41
32
40
31
41
32
34
26
32
33
27
30
29
24
31
26
20
28
32
31
27
30
30
29
23
14
23
27
22
34
22
23
38
23
27
27
34
46
29
32
36
27
33
26
24
31
39
43
30
30
18
28
28
31
24
28
27
37
31
29
28
28
23
34
24
31
26
20
34
28
26
27
24
35
26
31
31
42
32
28
33
28
29
24
26
33
31
43
28
22
31
27
25
41
21
36
44
66
131
181
251
242
176
91
69
31
36
21
25
33
37
33
28
37
25
33
34
33
28
26
31
21
23
34
21
32
34
20
32
33
33
28
39
31
22
28
27
20
33
29
32
35
29
23
35
41
27
24
37
24
31
23
28
27
30
25
30
30
29
25
27
40
30
33
23
26
33
31
29
30
33
31
23
22
36
32
23
23
31
33
39
26
25
35
58
56
51
49
36
24
25
27
26
34
30
25
29
28
25
38
30
21
33
27
23
27
27
28
35
39
21
26
32
31
26
23
29
30
16
33
31
28
29
32
34
33
35
26
23
24
24
37
30
34
25
26
28
34
22
17
24
29
18
34
30
26
25
30
31
28
33
37
33
31
28
26
31
14
33
29
33
23
27
21
20
32
33
22
25
25
35
27
29
25
23
15
30
28
27
25
26
27
29
29
28
25
36
29
26
26
27
28
27
27
16
30
28
26
28
23
23
27
30
39
30
34
24
18
17
24
29
34
31
28
38
37
30
28
46
29
30
30
24
35
34
25
25
29
26
36
25
28
29
29
33
22
22
30
25
33
29
20
22
22
33
25
38
32
23
29
29
28
32
33
26
21
31
26
23
33
24
30
34
26
21
26
23
28
35
27
19
30
22
38
33
42
27
28
27
31
29
24
23
50
43
67
85
110
94
75
62
37
24
33
35
29
36
29
27
29
33
22
14
23
22
29
31
30
35
43
22
28
27
21
31
32
28
33
27
19
22
25
30
23
26
20
27
24
26
20
21
24
29
28
33
21
19
23
28
21
27
14
33
18
17
17
20
28
17
24
29
20
22
32
29
20
20
22
21
21
14
15
33
16
18
15
13
16
21
20
16
21
21
23
11
32
32
26
21
17
15
25
23
18
20
14
22
26
21
30
32
31
52
33
35
25
25
20
26
27
18
24
31
19
22
19
26
19
26
26
29
22
19
22
15
16
25
15
22
20
17
19
22
23
24
30
18
11
20
30
17
22
24
18
23
18
14
21
21
22
28
15
21
16
19
21
29
21
25
25
22
24
19
23
22
19
13
14
18
18
17
20
16
18
20
22
19
27
23
18
17
27
20
25
20
18
19
19
13
30
17
21
27
15
22
14
12
14
23
19
20
14
18
17
16
16
19
21
28
16
19
18
26
17
20
18
25
22
19
22
24
23
21
16
19
19
25
29
17
24
21
14
16
22
17
16
16
20
20
28
15
22
16
23
21
24
19
22
18
15
29
15
16
18
14
26
22
23
21
19
18
19
20
17
24
17
23
13
20
12
10
20
15
25
21
20
15
22
11
20
9
10
21
13
17
12
26
19
15
23
26
23
18
16
18
12
18
14
17
18
32
21
13
20
16
13
15
15
16
17
17
20
20
20
17
18
20
22
15
16
20
13
17
19
16
20
16
26
17
18
19
18
15
21
26
41
49
64
67
52
45
28
18
9
10
10
19
12
16
18
18
20
12
20
29
23
32
30
18
18
19
10
18
14
11
18
15
20
14
13
14
14
16
8
9
13
16
19
17
19
22
11
9
14
12
16
15
19
13
23
15
14
14
16
38
42
42
36
33
21
15
20
23
21
16
19
14
24
28
32
38
48
46
40
32
22
16
16
11
21
12
21
10
16
9
15
21
12
10
20
15
22
16
24
6
8
14
12
6
17
12
11
15
14
17
15
15
13
16
14
12
13
13
20
15
16
11
10
19
12
17
13
12
14
11
10
17
20
18
18
13
18
21
16
14
12
18
17
16
19
13
14
17
9
22
22
15
20
13
16
14
12
17
15
20
19
12
17
13
17
12
21
27
15
15
17
12
15
15
17
28
11
11
16
19
13
13
8
10
12
9
16
13
11
12
9
13
16
15
10
18
18
16
20
46
76
138
207
413
601
629
544
375
251
98
33
14
11
15
14
13
17
11
16
13
7
11
12
16
20
14
17
8
12
9
10
9
13
9
10
17
9
24
12
8
15
15
12
16
15
11
11
16
9
17
11
11
13
19
11
17
16
15
8
19
11
14
12
12
11
9
8
14
12
6
20
11
13
11
12
17
14
10
10
11
8
15
14
8
17
18
9
19
14
26
19
19
17
24
18
19
11
14
15
11
17
14
11
26
17
25
17
16
13
11
14
19
12
17
14
10
12
22
15
18
19
28
44
36
33
22
26
18
13
17
17
17
22
13
15
11
10
15
13
10
10
9
19
7
7
14
11
13
22
9
14
10
5
9
6
16
9
17
12
12
14
6
10
11
7
13
12
15
16
17
6
8
12
9
10
8
11
14
5
13
12
13
7
13
10
16
12
9
17
17
15
19
14
14
20
21
17
19
8
8
8
12
13
15
11
18
18
12
9
11
9
5
14
11
10
14
8
6
12
11
12
10
14
16
13
7
12
9
12
15
5
11
13
10
7
9
11
9
13
19
10
14
12
9
19
10
12
12
6
9
10
11
11
8
12
8
12
12
9
13
12
5
8
13
6
11
10
10
3
6
12
16
10
12
20
11
10
8
17
11
11
13
12
10
15
10
9
14
10
13
10
9
13
11
20
19
22
25
18
14
14
21
21
15
20
19
19
18
12
13
17
21
24
36
53
87
70
41
38
21
10
6
8
27
38
27
49
48
41
23
14
13
11
14
14
15
9
11
7
4
10
14
16
15
17
5
9
13
12
10
14
12
10
10
13
13
7
16
9
12
11
8
5
10
4
11
12
7
6
11
10
9
10
9
8
14
12
10
11
11
7
13
12
8
12
14
5
11
9
2
13
7
19
29
31
33
28
35
10
10
7
13
13
11
22
11
14
15
15
11
18
9
3
12
9
12
18
28
43
35
27
20
18
8
8
10
10
9
11
6
7
8
11
10
11
11
16
15
17
18
13
6
10
13
9
8
12
9
4
7
5
8
5
7
7
7
11
6
5
17
10
9
7
7
11
4
8
16
10
8
9
5
7
4
10
13
7
2
10
9
9
9
7
8
8
13
8
8
13
11
13
14
19
18
25
15
13
12
13
16
9
10
11
14
10
10
7
5
12
9
7
4
9
4
8
13
9
7
7
7
6
5
8
12
8
13
5
7
7
11
5
8
8
11
7
5
10
8
7
9
14
17
4
4
3
12
2
14
11
10
3
12
13
9
8
8
21
6
7
10
8
10
7
8
4
1
9
9
10
9
12
13
11
14
8
10
12
15
7
14
4
13
6
4
9
7
6
8
8
7
7
7
3
12
12
9
6
4
14
8
8
6
1
5
8
9
3
10
8
7
7
4
6
5
6
6
8
7
10
5
2
11
9
10
8
8
14
5
8
13
6
11
6
5
7
11
8
6
4
8
9
7
11
10
9
10
8
13
5
7
11
5
9
11
9
14
16
22
36
39
42
27
21
20
12
12
5
5
3
11
6
7
6
4
10
13
9
7
7
8
11
5
5
12
5
8
7
1
11
9
8
9
5
10
6
7
9
9
13
6
5
8
12
10
5
9
8
10
15
7
1
7
12
9
15
3
5
8
12
3
10
11
5
6
8
4
5
7
5
9
12
14
4
9
10
8
9
13
14
10
24
31
95
124
155
163
158
112
72
33
19
7
12
11
6
8
8
3
8
11
12
6
16
5
4
10
8
12
7
8
12
8
10
6
3
7
5
7
8
12
14
7
3
7
5
10
9
9
8
9
9
7
7
5
11
7
11
8
6
4
9
11
8
7
6
10
10
3
5
6
6
11
8
6
3
5
12
2
9
8
8
5
5
7
10
1
4
9
9
7
7
6
10
15
13
10
12
3
10
11
10
6
12
8
12
5
9
7
8
9
16
6
5
7
8
12
7
11
8
7
12
2
8
3
9
4
8
11
10
6
7
6
7
7
12
7
8
5
8
8
5
8
4
7
6
10
2
7
8
8
8
6
10
7
4
5
3
4
12
13
10
7
6
9
6
7
3
10
12
6
8
8
9
12
9
8
5
7
7
8
11
11
10
9
8
12
12
6
13
13
6
7
9
7
11
7
7
6
7
8
7
3
9
13
11
29
26
26
28
22
21
10
11
15
6
6
6
7
7
7
7
6
8
5
2
6
8
5
9
4
4
11
8
3
5
10
9
7
9
15
10
5
1
4
5
9
8
10
7
7
3
8
11
7
11
5
6
9
7
8
4
6
11
4
12
7
4
7
4
11
8
8
9
5
6
8
9
6
7
5
9
3
7
10
2
8
9
7
4
4
3
7
3
5
9
11
5
10
4
4
11
12
5
7
8
11
7
7
12
5
13
9
5
11
4
7
8
7
6
6
10
8
5
14
7
10
4
6
7
4
10
8
6
10
5
8
12
11
5
5
11
13
7
10
4
6
6
8
10
6
2
11
6
7
9
6
8
9
9
8
2
6
6
7
11
9
12
4
9
6
6
8
14
7
6
8
6
8
11
2
6
11
7
14
7
6
10
8
7
9
5
11
4
5
10
9
8
6
7
7
6
9
7
2
10
6
12
10
11
7
1
5
8
10
6
13
13
9
9
5
8
8
6
7
10
12
7
7
11
6
12
14
4
9
9
10
7
11
4
8
9
6
4
8
11
9
8
6
6
5
5
3
9
12
10
7
4
7
7
5
4
10
12
11
9
6
8
7
7
7
9
5
6
5
4
12
10
10
4
5
6
7
12
6
10
5
11
12
3
2
8
7
4
8
10
4
7
6
4
8
7
11
5
9
4
8
4
4
11
6
7
12
8
5
8
8
6
8
7
6
8
11
7
5
8
5
12
7
11
6
6
5
12
4
7
4
7
7
5
7
9
8
4
6
3
2
2
7
8
11
16
10
6
1
5
2
6
10
5
7
8
8
7
10
11
9
6
6
10
10
4
5
6
9
5
6
7
12
8
5
6
6
10
8
5
5
9
9
8
8
7
9
5
6
4
6
6
8
7
3
5
8
6
2
9
15
13
3
7
6
8
8
5
8
8
2
4
7
6
7
7
7
6
6
6
7
9
11
6
8
6
7
7
5
7
10
7
8
8
4
4
6
7
10
6
7
6
4
5
7
4
6
8
12
5
7
9
6
4
11
8
4
5
5
2
4
10
7
6
9
5
5
7
8
6
3
5
10
3
7
3
7
5
5
8
4
3
7
4
2
9
13
4
7
6
3
13
6
5
4
7
7
11
6
4
6
11
5
5
8
4
5
7
4
7
8
8
4
15
2
8
8
6
14
7
6
8
10
8
8
8
5
8
3
3
5
8
9
8
5
10
5
5
7
9
3
6
6
8
7
4
5
9
4
6
1
7
7
6
6
5
10
9
4
7
4
5
10
9
5
3
10
9
3
9
13
5
4
3
3
2
8
5
6
6
5
10
8
13
6
4
7
9
6
6
5
1
8
6
9
10
5
11
9
8
8
10
6
7
6
8
7
7
7
9
4
12
2
5
8
11
8
11
11
13
13
22
19
21
33
35
34
37
32
28
19
13
20
3
11
3
10
9
7
5
8
9
9
7
5
8
8
5
7
7
5
8
10
6
7
9
9
6
11
18
9
15
23
14
12
11
7
11
8
10
6
4
6
4
5
8
12
12
9
5
8
4
7
9
9
4
3
8
3
6
10
6
6
4
5
5
8
8
10
5
10
7
11
9
7
7
7
4
10
7
4
10
7
9
9
8
6
10
6
5
8
11
11
4
7
4
9
9
7
2
3
6
7
7
7
4
6
8
7
9
7
4
3
6
5
5
7
8
7
5
5
6
9
4
7
5
2
9
9
8
5
9
7
5
9
7
7
9
6
8
6
13
6
6
7
5
4
8
8
7
4
5
6
0
10
8
6
5
5
7
13
3
6
6
6
3
11
8
6
8
8
8
6
3
7
12
5
6
5
5
9
4
3
12
4
7
5
6
8
7
9
3
6
7
6
7
7
3
6
5
9
5
10
8
9
7
5
6
9
5
4
6
7
5
9
4
6
7
6
6
10
3
8
6
7
5
6
9
4
3
9
4
4
12
10
10
14
23
26
37
50
52
57
29
20
18
10
4
9
7
7
10
6
3
8
6
7
6
5
4
3
6
7
10
9
7
5
8
9
4
14
6
9
5
9
7
12
8
13
6
4
7
9
4
5
8
6
6
5
6
11
7
6
9
9
12
7
8
10
7
7
6
6
5
2
6
10
6
7
14
6
7
5
3
6
9
4
5
5
12
5
13
7
5
13
17
6
6
10
8
9
7
7
4
7
2
6
6
5
4
2
4
7
7
7
11
6
6
4
13
10
11
5
7
5
9
5
6
7
4
6
5
6
8
6
6
5
6
7
8
7
5
7
9
7
7
2
6
7
9
6
7
3
5
6
4
4
6
7
3
7
8
10
8
9
9
4
4
8
10
3
9
9
9
7
8
7
8
8
12
6
8
11
6
6
10
4
4
7
7
4
8
10
9
12
12
8
7
5
6
5
6
4
12
10
13
7
9
8
6
9
6
5
0
3
7
9
9
6
13
11
9
6
10
12
9
11
7
7
11
6
14
9
8
9
4
11
12
5
4
8
9
6
5
7
11
3
8
8
5
5
8
8
5
13
7
10
7
11
7
6
7
7
6
10
14
8
6
6
7
7
5
9
8
12
11
5
7
6
5
7
9
5
5
7
12
4
14
8
6
3
8
7
7
7
14
6
5
12
15
8
9
4
11
6
7
4
13
9
9
11
7
11
7
9
7
4
9
9
9
7
9
4
10
7
8
5
11
8
7
7
8
12
9
12
8
7
10
9
7
7
7
8
5
10
10
8
7
10
6
8
8
7
7
16
14
5
7
6
7
6
5
4
6
11
9
9
11
8
10
10
4
9
11
6
12
11
12
10
14
6
12
9
7
8
9
7
9
4
8
6
7
7
8
11
11
11
9
3
5
6
7
9
9
9
12
14
10
5
6
5
8
8
10
8
7
10
7
6
9
7
13
11
5
6
8
10
13
11
9
4
6
5
6
6
4
16
6
12
10
8
13
7
9
8
10
9
13
11
6
4
2
11
5
3
8
8
12
12
7
2
7
5
3
5
5
7
5
1
13
11
4
5
8
5
14
12
7
5
7
5
9
14
7
2
7
4
11
6
3
3
8
6
8
8
6
7
7
3
9
5
14
6
3
3
8
7
3
10
4
10
4
8
6
5
9
5
5
6
5
10
4
10
4
7
5
5
7
3
6
6
6
9
7
7
2
4
9
3
10
6
1
4
5
8
5
7
6
7
3
9
4
4
8
3
2
5
10
6
7
5
5
4
6
4
5
8
7
4
6
8
6
5
5
8
4
3
6
7
4
6
4
6
6
5
3
1
5
0
3
4
13
4
6
3
6
4
3
7
4
6
10
15
18
29
13
16
11
13
8
3
4
11
8
5
7
9
6
7
6
4
9
5
9
2
3
4
6
5
0
3
9
3
5
7
10
9
5
4
6
6
5
5
6
4
7
6
7
5
5
2
3
6
8
3
8
5
8
4
6
5
0
6
7
5
5
5
4
7
5
6
8
7
1
1
8
5
8
5
4
6
3
4
4
7
6
3
3
4
2
1
4
8
2
3
2
7
6
7
4
3
2
4
3
3
4
2
2
6
5
3
4
2
8
4
3
5
4
6
7
0
7
5
1
4
2
3
2
6
2
7
3
3
4
6
5
3
6
6
4
6
4
6
6
8
4
6
4
2
3
5
1
0
7
2
6
0
5
0
0
4
5
1
3
8
7
5
2
1
2
3
6
1
5
1
4
3
2
6
0
1
3
3
4
4
2
5
1
7
3
6
3
3
4
0
5
2
1
2
0
3
1
3
2
0
3
5
3
4
2
6
4
7
1
3
2
5
1
2
4
3
7
4
1
3
3
2
0
2
0
5
3
10
2
4
1
1
2
2
0
4
2
5
4
1
2
2
2
3
1
5
3
3
1
6
4
2
4
3
2
1
0
5
2
1
1
1
3
0
1
2
7
0
1
0
2
2
4
6
1
5
2
4
2
4
4
5
3
2
1
5
2
2
4
3
2
1
2
3
5
1
5
2
3
4
1
4
3
3
2
0
6
3
1
2
3
2
2
3
0
2
2
1
4
1
1
0
3
2
2
5
1
6
2
1
1
5
3
4
1
4
3
1
1
2
1
5
2
5
2
3
1
7
3
3
3
2
3
3
0
3
1
3
0
4
1
3
4
1
2
0
1
1
2
2
4
6
3
4
4
1
3
3
2
1
6
2
4
2
4
1
3
2
1
3
3
4
1
4
3
4
8
9
13
17
38
50
101
151
237
270
261
268
211
136
80
34
23
8
7
3
1
5
3
2
1
2
4
3
1
1
2
4
3
1
3
2
2
0
3
2
5
0
4
0
5
2
1
0
3
3
2
6
1
4
4
1
3
0
1
0
1
2
1
2
3
0
3
2
0
1
1
3
2
5
5
2
1
1
0
2
2
1
1
1
2
4
5
0
2
5
0
3
2
1
1
1
0
1
2
0
1
3
2
3
1
7
4
2
4
0
3
2
0
1
3
2
1
4
4
0
0
1
1
0
5
0
2
1
1
2
4
0
0
0
1
1
0
2
3
1
1
1
1
4
0
3
0
3
2
0
5
2
3
2
1
3
3
0
3
1
0
1
2
2
3
0
2
1
2
2
3
2
1
1
4
2
3
3
4
3
0
7
2
0
3
3
0
0
4
0
4
3
1
1
4
2
0
3
2
4
0
2
2
1
1
2
2
0
2
3
1
2
2
6
0
0
3
1
3
3
2
0
2
2
2
0
2
2
4
1
4
3
2
3
1
2
0
0
0
1
1
3
1
1
3
3
1
3
1
3
2
2
3
4
3
3
1
1
1
3
1
1
1
3
2
1
2
3
1
2
2
0
0
2
2
2
0
1
2
3
2
1
0
1
4
2
0
2
4
0
3
1
3
3
1
0
4
3
3
0
1
2
0
1
0
1
1
6
2
1
1
4
2
3
2
2
4
2
1
2
4
1
1
0
2
4
3
1
1
2
4
4
2
2
2
3
1
1
0
0
2
0
2
2
4
4
3
2
1
0
1
2
1
1
0
2
4
2
2
2
2
4
0
1
1
1
0
2
2
0
3
3
3
1
3
1
2
5
2
2
4
1
1
5
3
0
2
1
4
0
0
1
1
1
1
2
4
3
1
0
1
0
1
0
2
0
3
1
3
1
3
2
5
2
1
1
2
0
4
1
2
2
3
4
3
3
0
2
3
0
2
0
2
3
1
1
3
5
2
1
1
0
1
3
2
1
3
1
3
2
4
1
0
2
3
1
0
1
2
0
1
0
3
2
1
1
1
0
2
1
2
3
2
2
3
3
1
0
1
0
3
3
3
3
2
0
1
0
1
1
0
1
3
2
2
2
3
3
1
2
0
1
0
2
2
2
1
0
1
2
2
3
1
2
3
2
3
0
1
1
2
2
2
5
3
4
2
1
1
3
1
0
3
5
1
5
3
1
0
1
2
1
4
0
1
3
4
3
1
3
0
3
2
1
2
1
2
1
1
2
2
2
2
4
1
3
2
0
3
3
1
1
2
4
1
0
3
1
2
3
0
3
3
0
1
1
4
4
4
1
2
3
2
1
1
1
4
1
3
0
3
1
1
2
2
1
2
2
1
2
2
1
4
1
2
2
1
2
3
0
3
1
1
4
1
0
0
2
0
2
2
1
5
1
1
0
2
2
2
0
5
2
1
1
0
2
1
2
0
1
1
2
2
1
0
0
1
5
1
0
3
1
1
4
3
3
0
2
1
2
0
1
5
0
4
1
3
2
2
0
1
5
4
2
2
2
2
4
2
4
0
4
3
1
4
0
2
0
1
1
2
0
2
2
2
3
0
0
0
1
4
0
2
3
0
2
4
4
0
2
1
2
1
2
0
1
2
3
2
0
1
1
0
0
3
1
1
2
1
3
2
1
4
0
0
2
0
3
3
1
1
1
0
0
1
0
0
1
3
1
0
1
3
4
6
3
2
2
0
1
3
1
3
2
4
4
3
2
5
3
2
3
4
1
0
0
1
2
2
5
3
2
1
1
2
1
0
2
3
2
0
1
1
2
2
2
1
3
0
2
2
0
4
3
1
0
1
4
2
0
1
3
1
0
3
1
3
3
2
2
3
1
2
3
1
1
0
1
2
0
1
0
3
4
3
3
3
2
2
1
1
2
2
0
1
5
3
1
4
2
0
0
1
1
3
1
1
4
1
2
0
1
0
3
0
2
0
3
2
3
1
0
1
1
0
0
2
1
0
1
2
1
1
1
2
0
2
0
1
2
4
2
1
2
0
4
3
2
2
0
0
0
1
0
2
2
0
0
3
1
1
1
2
1
3
1
1
1
1
1
1
0
1
2
3
2
1
2
0
2
2
2
1
0
4
2
0
1
6
0
1
2
3
4
3
2
0
1
1
1
0
3
1
0
1
2
2
0
2
2
0
2
2
2
0
3
2
1
1
2
3
3
3
2
1
0
0
1
2
1
3
2
2
3
1
1
0
2
2
2
1
3
1
4
3
3
4
3
0
0
0
2
0
3
1
1
3
0
2
1
0
0
1
1
2
1
0
2
2
1
1
0
0
1
1
1
2
0
1
1
3
3
1
2
1
2
1
2
0
1
1
0
2
2
1
0
2
2
2
0
1
2
1
1
1
0
1
2
2
1
0
3
2
0
0
3
0
1
1
4
0
0
1
0
1
2
1
4
1
1
3
0
0
0
2
0
2
1
4
1
3
2
0
2
0
2
1
1
1
0
0
3
1
1
2
1
2
1
0
0
1
1
0
0
1
1
5
1
0
1
1
1
0
2
0
1
2
0
3
0
1
1
1
3
0
2
1
0
1
0
4
0
1
0
0
1
3
3
3
2
0
1
3
1
1
0
2
0
1
3
0
2
1
1
0
3
3
1
3
2
3
1
0
0
1
2
1
0
0
1
2
1
0
2
0
0
0
2
1
1
2
3
1
1
4
1
4
0
3
0
1
0
1
0
0
1
0
2
0
0
2
2
0
0
3
0
0
4
2
3
0
2
2
3
0
1
1
0
1
2
2
1
3
0
0
0
2
1
2
3
4
2
1
0
0
3
2
4
2
2
0
1
3
0
0
1
0
0
2
2
0
0
0
0
1
0
2
1
4
0
0
0
1
0
1
2
1
2
0
4
2
2
1
2
1
1
1
2
2
2
0
1
0
3
2
0
1
1
1
4
0
3
1
2
2
2
2
4
3
0
3
2
1
1
0
2
2
3
1
1
0
3
0
1
3
3
0
1
2
1
1
0
0
1
1
2
1
2
1
4
1
0
0
0
0
1
2
2
0
0
1
3
1
1
1
2
0
1
1
1
2
2
1
0
2
4
1
0
2
0
0
3
1
0
1
1
0
1
1
1
2
0
3
2
0
0
1
3
1
2
1
1
0
2
1
3
0
0
3
1
1
2
2
2
0
1
0
3
1
1
0
2
1
0
0
0
3
4
2
7
9
5
5
7
4
4
0
5
2
2
1
1
1
0
1
1
1
0
0
0
4
1
0
1
5
0
2
0
1
1
3
0
3
1
3
0
1
1
3
0
0
1
5
1
0
0
1
1
0
2
2
1
0
2
1
0
2
4
0
0
1
2
2
2
1
1
3
1
1
2
0
4
1
1
2
3
1
2
2
1
2
1
3
1
0
3
0
0
0
0
1
1
1
3
0
1
1
0
3
0
2
0
1
1
2
2
0
1
1
0
0
1
1
2
1
0
2
1
2
0
0
2
0
2
0
1
1
2
2
1
0
1
0
0
2
1
1
0
2
1
2
1
2
0
1
2
1
1
0
2
2
0
1
4
0
2
0
1
3
1
2
3
4
3
0
3
2
1
3
2
1
2
0
0
0
3
1
4
4
1
3
3
0
3
2
2
1
1
2
1
0
1
3
2
0
1
0
0
0
0
1
1
1
0
2
1
1
3
0
2
3
6
3
3
1
1
0
0
2
1
1
2
0
0
1
2
2
1
1
0
0
2
2
3
1
1
1
3
0
2
0
0
2
2
1
0
0
1
1
1
1
2
1
0
2
1
0
1
0
2
3
1
0
2
0
0
1
2
1
3
3
2
2
0
1
0
0
0
0
0
0
0
0
0
0
0
0
0
0
0
0
0
0
0
0
0
0
0
0
0
0
0
0
0
0
0
0
0
0
0
0
0
0
0
0
0
0
0
0
0
0
0
0
0
0
0
0
0
0
0
0
0
0
0
0
0
0
0
0
0
0
0
0
0
0
0
0
0
0
0
0
0
0
0
0
0
0
0
0
0
0
0
0
0
0
0
0
0
0
0
0
0
0
0
0
0
0
0
0
0
0
0
0
0
0
0
0
0
0
0
0
0
0
0
0
0
0
0
0
0
0
0
0
